STAT JJJJMMDD QN     TG     TN     TM     TX    RFM     FM     FX     SO     NM     RR     PM
----- -------- -- ------ ------ ------ ------ ------ ------ ------ ------ ------ ------ ------
10453 20171016  1    8.9   11.5   15.1   18.4   53.0    5.0   22.0    9.3    0.8    0.0  893.5
10453 20171015  1    7.7   10.7   12.4   15.3   74.2    5.0   17.0   10.3    0.7    0.0  894.4
10453 20171014  1    8.7    8.6   10.2   12.7   97.8    6.0   20.2    5.0    6.1    0.7  894.6
10453 20171013  1    4.3    4.3    6.9    8.9   99.5    7.0   23.9    0.8    7.7    0.8  891.5
10453 20171012  1    4.2    4.2    5.5    7.4   98.3    8.0   34.1    2.0    7.6    1.4  884.7
10453 20171011  1    5.6    5.4    6.6    7.2  100.0    8.0   31.6    0.0    8.0    6.5  883.1
10453 20171010  1    4.8    4.6    6.0    7.1  100.0    6.0   24.7    0.0    8.0   13.0  882.6
10453 20171009  1    1.5    1.4    2.8    4.8   99.5    6.0   18.2    0.9    7.8    5.4  884.3
10453 20171008  1    1.1    1.4    3.6    5.2  100.0    6.0   21.3    0.6    7.9    9.4  880.8
10453 20171007  1    2.2    1.7    2.9    4.0  100.0    8.0   31.0    0.0    8.0   23.2  880.9
10453 20171006  1    2.2    2.1    3.0    4.5  100.0    7.0   26.2    0.0    8.0   12.5  880.2
10453 20171005  1    2.4    2.1    3.8    6.9  100.0    9.0   49.1    0.0    8.0   20.3  874.1
10453 20171004  1    3.4    3.0    3.3    3.7  100.0    8.0   32.3    0.0    8.0    5.6  884.4
10453 20171003  1    3.8    3.5    4.8    5.5  100.0    6.0   22.2    0.1    7.9    8.4  883.4
10453 20171002  1    3.9    4.5    6.6    8.0   96.7    8.0   32.6    0.1    7.4   21.1  881.3
10453 20171001  1    3.1    2.9    5.8   10.7   90.5    4.0   21.4    5.8    4.1    0.0  888.2
10453 20170930  1    6.1    5.8   10.4   11.9   98.3    5.0   17.6    0.0    7.7   16.8  886.6
10453 20170929  1    9.1   10.3   11.4   14.2   95.0    4.0   13.0    3.1    7.2    4.0  891.9
10453 20170928  1    5.5    8.2   10.0   11.1   94.5    4.0   12.7    0.7    6.6    0.5  893.5
10453 20170927  1    7.2    7.5    8.9   11.0   98.3    4.0   12.3    3.4    6.7    0.8  893.0
10453 20170926  1    6.1    6.0    7.4    8.8   99.0    4.0   14.6    1.3    7.8    0.9  891.5
10453 20170925  1    5.9    5.7    7.2    8.3   99.9    3.0   11.1    0.1    7.9   15.5  890.1
10453 20170924  1    5.8    5.3    7.1    8.3   99.7    4.0   13.1    0.0    8.0    4.4  890.5
10453 20170923  1    4.8    6.2    7.7   10.8   94.8    3.0    9.7    2.9    7.4    0.5  891.2
10453 20170922  1   -0.6    5.8    7.7   12.1   84.4    2.0    5.3    2.1    5.5    0.0  889.5
10453 20170921  1   -0.2    4.3    6.7   10.2   87.3    2.0    7.3    2.9    5.7    0.0  889.4
10453 20170920  1    3.4    3.7    4.7    6.8   98.5    5.0   16.1    0.8    7.9    1.2  887.2
10453 20170919  1    2.7    3.2    4.5    7.4   97.6    4.0   13.4    1.0    7.3    0.9  884.6
10453 20170918  1    0.7    2.4    4.4    7.4   93.0    5.0   14.7    3.7    4.8    2.1  882.6
10453 20170917  1    0.8    2.8    5.2    9.5   84.1    3.0   10.6    2.1    5.5    6.0  881.8
10453 20170916  3    1.4    2.3    4.4    7.3   90.8    4.0   12.5    7.1    4.4    0.0  880.0
10453 20170915  3    3.0    3.2    4.4    5.8   99.4    6.0   22.4    1.6    7.7    2.4  878.8
10453 20170914  3    2.8    2.5    4.2    5.9  100.0    8.0   29.5    0.1    8.0   13.7  869.5
10453 20170913  3    4.5    4.2    6.0    9.2   96.1    9.0   41.4    1.2    7.3   11.4  869.1
10453 20170912  3    4.0    4.7    5.7    7.5   98.7    7.0   25.2    2.5    7.3   10.4  874.2
10453 20170911  3    5.1    5.1    6.0    7.6   99.0    8.0   29.3    1.5    6.8    3.5  869.1
10453 20170910  3    4.9    5.2    6.5    8.7   95.9    6.0   25.9    5.6    5.9    0.5  873.8
10453 20170909  3    6.5    6.3    7.5    8.2  100.0    7.0   30.3    0.0    7.9   10.0  868.8
10453 20170908  3    6.6    6.4    7.2    8.0  100.0    8.0   29.8    0.0    8.0   13.8  874.8
10453 20170907  3    5.1    4.8    6.3    8.1   99.2    6.0   20.6    1.0    7.9    6.5  882.2
10453 20170906  3    5.2    4.9    9.2   12.7  100.0    7.0   27.8    0.1    8.0   12.9  882.6
10453 20170905  3    3.8    8.0   11.0   14.1   86.8    4.0   15.8    5.2    5.1    2.1  888.2
10453 20170904  3    2.5    5.7    9.4   13.9   72.8    4.0   10.5   10.5    1.5    0.0  886.1
10453 20170903  3   -1.8    5.2    7.5   12.5   82.8    3.0    7.8    6.0    3.9    0.1  885.9
10453 20170902  3    2.6    5.6    6.8    9.7   89.9    3.0   10.7    1.9    5.1    0.0  887.5
10453 20170901  3    3.2    5.5    7.0    9.8   89.2    3.0    9.3    3.9    6.5    0.2  888.8
10453 20170831  3    5.9    5.9   10.8   15.0   99.8    6.0   20.4    0.0    8.0    8.2  884.2
10453 20170830  3   13.1   15.0   17.9   21.6   72.9    6.0   20.2   10.0    4.3    0.0  882.9
10453 20170829  3    8.1   10.8   15.7   20.0   68.9    4.0    9.7   13.1    0.6    0.0  887.9
10453 20170828  3    5.1    8.4   11.4   15.2   74.3    3.0   10.2   11.7    1.8    0.0  890.2
10453 20170827  3    6.3    8.8   11.1   14.7   86.7    5.0   15.8    7.2    5.5    0.1  887.9
10453 20170826  3    9.1   10.3   13.4   16.0   96.1    4.0   17.5    0.7    7.0    0.1  887.1
10453 20170825  3    9.2    9.7   12.2   16.7   83.4    4.0   12.9    7.8    6.3    0.0  888.8
10453 20170824  3    9.3   10.1   12.4   15.1   86.7    5.0   15.9    2.2    6.6    0.3  886.5
10453 20170823  3   -3.8    5.8   10.8   17.1   73.8    3.0    9.7   12.6    2.7    0.0  888.2
10453 20170822  3   -3.4    5.4    8.1   11.8   87.9    4.0   10.8    5.8    4.6    0.2  890.1
10453 20170821  3    4.3    5.4    7.5   10.6   90.9    5.0   17.9    4.2    6.3    0.3  890.8
10453 20170820  3    5.6    5.7    7.1   10.5   95.8    6.0   17.9    3.1    7.6    8.4  889.2
10453 20170819  3    5.5    5.1    7.5    9.5   96.8    6.0   23.2    2.5    7.0    1.2  885.0
10453 20170818  3    9.5    9.2   12.2   13.9   99.7    6.0   23.2    0.1    8.0   29.2  884.1
10453 20170817  3   10.9   11.7   13.4   16.2   95.1    6.0   21.6    1.7    7.0    2.5  888.3
10453 20170816  3    8.0   11.2   13.2   17.3   90.7    4.0   14.2    4.5    6.4    0.5  891.0
10453 20170815  3   11.5   13.2   15.7   19.5   72.7    5.0   20.4    7.8    6.5    4.2  888.9
10453 20170814  3    3.3    8.5   11.8   15.4   82.4    4.0   14.8    9.1    4.3    0.0  891.9
10453 20170813  3    0.6    8.0   10.1   13.6   88.8    4.0   16.1    3.8    5.8    0.4  889.1
10453 20170812  3    4.7    4.3    7.2   10.2  100.0    6.0   21.2    0.0    8.0    7.0  883.7
10453 20170811  3    6.6    6.3    8.5   10.0  100.0    6.0   21.3    0.0    8.0   27.0  883.1
10453 20170810  3    8.8    8.0    9.5   11.1   90.8    5.0   18.0    0.3    7.8   19.9  888.4
10453 20170809  3    4.3    8.0   11.2   14.9   81.4    5.0   18.3    9.4    6.0    0.1  886.3
10453 20170808  3    9.5   10.7   13.5   17.2   75.3    5.0   19.7    7.1    7.0    0.0  883.5
10453 20170807  3    3.7    8.6   12.2   16.1   62.1    4.0   15.3   12.5    3.1    0.0  890.3
10453 20170806  3    2.8    5.9    9.4   13.7   80.0    4.0   16.5   10.1    4.6    0.2  890.7
10453 20170805  3    6.1    7.0   10.2   12.8   98.6    6.0   19.1    0.8    6.4    4.3  884.6
10453 20170804  3    8.8    9.6   11.9   14.6   82.6    7.0   26.1    5.4    5.6    0.1  882.6
10453 20170803  3   10.6   11.6   14.9   18.2   85.3    7.0   27.9    4.2    6.6    0.0  883.6
10453 20170802  3   12.5   12.1   14.2   17.4   84.0    5.0   18.2    4.3    7.5    2.7  888.8
10453 20170801  3   12.2   12.1   14.1   18.0   92.3    7.0   29.0    3.9    7.4    1.4  886.7
10453 20170731  3   10.9   11.3   15.0   18.3   78.6    5.0   19.2    8.1    6.3   14.4  886.2
10453 20170730  3   12.0   13.4   16.1   19.6   81.5    7.0   26.9    7.7    6.5    0.0  882.3
10453 20170729  3    8.8    8.7   12.4   15.5   89.9    7.0   27.1    6.1    5.8    1.6  883.9
10453 20170728  3    6.2    7.2    9.5   12.9   86.8    6.0   20.7    5.4    6.3    0.1  881.7
10453 20170727  3    8.1    8.7   10.7   13.2   97.1    5.0   24.1    1.1    7.1   23.9  878.7
10453 20170726  3    7.5    7.3    9.1   10.8   99.9    6.0   26.3    0.3    8.0   18.2  876.1
10453 20170725  3    7.5    7.3    8.3    9.4  100.0    5.0   23.1    0.0    8.0  117.0  874.2
10453 20170724  3    1.0    8.4    9.0    9.6   92.3    4.0   13.9    0.8    7.4  121.2  879.0
10453 20170723  3    7.2    8.9   11.2   14.8   85.3    6.0   23.7    4.2    5.6    0.2  883.6
10453 20170722  3   12.4   12.6   14.7   18.1   86.7    4.0   14.3    4.8    7.3   17.6  885.1
10453 20170721  3    8.8    9.5   13.7   17.8   80.4    4.0   15.8    6.4    5.2    0.6  885.5
10453 20170720  3   11.4   12.1   14.6   16.4   90.5    6.0   20.2    4.1    6.4    1.7  882.6
10453 20170719  3   10.2   12.2   16.5   22.5   72.6    5.0   32.8   12.3    4.5   13.8  886.3
10453 20170718  3   -0.5    8.9   13.5   18.1   71.5    3.0    9.6   12.7    2.7    0.0  891.1
10453 20170717  3    0.2    9.2   12.0   14.7   90.0    3.0   12.3    6.7    5.9    0.4  891.5
10453 20170716  3    5.5    7.4   10.4   12.6   91.1    5.0   18.0    1.7    7.2    4.9  891.9
10453 20170715  3    6.1    5.7    8.2   12.5   93.7    4.0   13.4    2.5    6.8    0.2  889.3
10453 20170714  3    4.3    6.2    8.9   13.4   76.5    4.0   13.4    5.3    6.8   10.6  885.6
10453 20170713  3    0.2    4.2    6.6   10.7   86.0    5.0   19.8    5.3    6.8    0.1  888.7
10453 20170712  3    5.0    4.6    9.0   10.9   99.6    7.0   26.6    0.0    7.8   58.9  879.7
10453 20170711  3    7.9    9.5   12.2   15.4   86.3    5.0   16.5    5.8    6.6    0.0  881.9
10453 20170710  3   10.9   11.4   13.3   15.2   96.2    5.0   14.4    0.2    7.6    6.9  880.3
10453 20170709  3   11.5   11.9   13.3   17.6   94.2    3.0   10.0    0.9    7.5    1.9  885.5
10453 20170708  3   11.1   11.6   14.2   18.4   84.2    4.0   15.4    5.4    7.2    1.5  887.1
10453 20170707  3   12.6   13.5   16.3   20.4   76.3    5.0   17.9    6.2    6.4    0.2  886.4
10453 20170706  3    5.2   10.4   15.2   20.5   74.7    3.0   12.7    5.8    6.1    0.0  889.6
10453 20170705  3    7.9    9.1   11.9   16.3   84.0    3.0   10.4    3.1    7.0    0.1  888.9
10453 20170704  3    7.0    7.5    9.8   13.2   86.0    5.0   18.3    5.7    6.6    0.0  889.0
10453 20170703  3    4.3    4.8    9.1   13.6   82.3    5.0   22.1   10.4    6.1    0.0  889.1
10453 20170702  3    5.1    5.7    8.0    9.5   98.6    6.0   20.2    2.1    7.1    2.4  885.6
10453 20170701  3    7.7    7.6    8.6    9.7  100.0    6.0   25.4    0.0    8.0    9.1  877.6
10453 20170630  3    7.6    7.8    8.9    9.6   99.4    7.0   23.3    0.1    7.9    5.2  873.5
10453 20170629  3    5.9    9.3   10.9   13.3   95.7    5.0   22.4    0.8    7.3   10.9  869.4
10453 20170628  3    9.2    9.5   12.0   13.7   98.3    5.0   21.5    3.1    7.0   12.2  872.6
10453 20170627  3    0.9    7.3   10.5   15.3   86.4    4.0   14.5    3.2    6.2    0.0  881.6
10453 20170626  3    1.3    6.2    8.9   11.5   92.2    5.0   24.7    1.9    6.1    3.1  882.3
10453 20170625  3    9.7    9.5   10.5   12.2   99.2    7.0   25.0    0.6    7.9    6.3  881.3
10453 20170624  3    9.4    8.9   10.9   14.0   91.1    7.0   23.9    7.7    6.5    3.0  883.9
10453 20170623  3   10.2    9.8   11.9   14.9   89.8    7.0   24.1    4.0    7.2    0.2  883.5
10453 20170622  3   11.6   11.5   17.2   23.6   73.9    6.0   26.4    9.7    6.0   15.3  884.4
10453 20170621  3    8.0   11.2   15.0   19.6   67.5    4.0   11.9   15.0    4.2    0.0  888.8
10453 20170620  3    7.9   10.2   16.6   20.2   73.6    4.0   13.8   10.8    4.8    0.0  889.4
10453 20170619  3    6.0   12.3   17.0   22.1   67.7    3.0    7.6   15.7    0.6    0.0  892.8
10453 20170618  3    4.8    8.7   12.7   16.6   89.5    3.0   13.6    9.4    5.1    0.1  894.9
10453 20170617  3    5.0    4.7    7.6   11.1   95.8    6.0   20.4    3.6    7.2    0.5  891.3
10453 20170616  3    5.6    5.3    8.2   11.0   97.3    6.0   25.0    0.2    7.8    1.7  886.1
10453 20170615  3    7.1    9.5   13.7   18.0   71.0    4.0   26.0   11.6    5.7    8.7  886.8
10453 20170614  3    5.5    6.0   10.1   14.3   81.9    3.0   10.3    9.5    4.5    0.0  889.0
10453 20170613  3    6.1    5.7    7.4   10.1   91.2    6.0   18.1    1.4    7.0    0.0  886.4
10453 20170612  3    6.0    5.9    9.7   14.2   81.8    6.0   22.4    4.4    6.7    0.0  883.5
10453 20170611  3    8.4   11.0   15.1   18.7   65.4    5.0   17.6   10.8    4.8    0.8  888.5
10453 20170610  3    5.1    6.1   10.4   14.9   77.0    4.0   12.1    9.5    5.6    0.0  889.4
10453 20170609  3    7.6    7.4   11.5   16.6   73.9    6.0   21.6    6.9    6.8    5.0  883.6
10453 20170608  3    3.8    3.8    8.0   12.2   86.5    7.0   23.5    5.4    7.2    0.6  885.4
10453 20170607  3    2.9    2.5    4.1    7.0   96.0    8.0   28.0    1.4    7.7    4.7  878.9
10453 20170606  3    3.0    3.3    8.3   13.0   90.0    6.0   22.9    6.6    6.4    2.7  874.6
10453 20170605  3    5.0    6.4    9.1   12.7   81.8    3.0   10.3    4.1    5.8    0.2  883.7
10453 20170604  3    4.8    6.2    9.1   12.0   91.0    5.0   19.6    4.7    6.8    9.0  882.4
10453 20170603  3   10.3   10.6   13.4   17.2   77.4    4.0   15.3    3.3    7.0   42.1  884.6
10453 20170602  3    5.1   10.4   13.8   18.5   58.5    3.0   10.1   11.7    3.8    2.3  888.7
10453 20170601  3    5.0    6.5   11.1   16.7   55.2    4.0   14.6   15.9    2.0    0.0  890.7
10453 20170531  3    5.0    6.9    9.6   13.3   88.0    5.0   19.9    4.5    6.0    0.3  889.1
10453 20170530  3   10.2    9.9   16.0   19.6   80.2    5.0   18.5    6.1    5.8    8.4  885.1
10453 20170529  3   13.1   15.5   19.4   24.0   65.6    4.0   14.4    8.9    5.0    0.0  886.8
10453 20170528  3   11.8   14.3   17.3   21.2   59.1    5.0   14.6    9.3    5.3    0.3  890.5
10453 20170527  3    8.2    9.7   13.9   17.8   66.3    5.0   13.5   15.7    0.1    0.0  892.0
10453 20170526  3    6.4    7.7   12.2   16.4   73.8    4.0   11.4   15.6    0.6    0.0  891.7
10453 20170525  3    5.2    4.8    7.6   11.5   92.3    5.0   16.4    5.5    6.8    0.2  890.4
10453 20170524  3    1.8    2.1    5.1    8.8   86.9    5.0   19.4    4.8    7.0    1.3  888.7
10453 20170523  3    3.3    3.6   11.0   15.7   69.4    5.0   19.3    4.7    6.1    0.3  886.8
10453 20170522  3    3.0    6.4    9.4   14.1   67.7    3.0   10.8    8.9    3.9    0.0  890.0
10453 20170521  3    1.7    4.9    8.1   11.3   69.6    3.0    8.2    7.9    4.2    0.0  894.3
10453 20170520  3    3.5    3.8    6.3    9.7   84.2    5.0   17.8    4.9    6.2    0.3  888.5
10453 20170519  3    5.0    4.7   11.0   16.3   82.3    4.0   21.0    1.6    7.7   28.7  881.2
10453 20170518  3   11.3   12.7   15.5   21.2   62.0    5.0   18.0    9.4    6.2    1.1  884.0
10453 20170517  3    9.0   12.4   14.8   19.4   68.8    4.0   19.4    8.8    6.0    0.0  892.2
10453 20170516  3    6.3    7.6   11.1   14.0   66.8    4.0   10.6    0.6    7.5    0.0  897.3
10453 20170515  3    0.8    5.0    8.4   13.2   72.4    4.0   11.0    7.7    4.8    0.0  895.9
10453 20170514  3    6.5    7.0    9.6   14.6   83.0    4.0   15.4    4.0    6.6    9.8  889.6
10453 20170513  3    5.1    7.9   10.2   15.5   86.1    3.0   11.9    5.0    6.3   16.6  881.5
10453 20170512  3    4.5    8.5   10.6   14.2   71.9    3.0   12.4    2.8    7.3    5.9  874.5
10453 20170511  3    0.0    2.3    8.3   13.4   64.2    4.0   13.2   11.3    4.0    0.2  873.4
10453 20170510  3   -3.3   -2.0    2.7    7.9   72.5    4.0   14.2   10.2    5.3    0.0  876.9
10453 20170509  3   -2.8   -3.2   -1.3    2.0   85.1    3.0    9.5    2.5    7.2    0.0  883.6
10453 20170508  3   -2.0   -2.4    1.1    4.4   93.8    5.0   20.8    1.6    7.4    3.0  882.9
10453 20170507  3    3.4    4.3    6.6    9.6   92.9    3.0   14.3    2.4    7.8    0.0  881.9
10453 20170506  3    0.9    2.1    4.5    6.5   97.9    4.0   14.9    1.5    7.7    0.3  882.5
10453 20170505  3    1.1    1.0    2.8    4.8   99.0    3.0    7.4    0.1    7.9    0.9  885.9
10453 20170504  3    1.0    0.7    1.4    3.1  100.0    5.0   14.0    0.0    8.0    3.8  884.6
10453 20170503  3    1.1    0.9    3.6    6.1   98.8    5.0   17.6    2.3    7.8    1.0  886.9
10453 20170502  3    0.1   -0.1    1.1    2.7   98.3    5.0   19.4    0.0    8.0   14.7  881.4
10453 20170501  3   -0.7    0.0    3.4    6.6   79.3    5.0   21.1    7.3    6.7    0.5  879.9
10453 20170430  3   -3.5   -2.3    1.5    5.7   68.5    6.0   22.4   14.3    1.2    0.0  882.5
10453 20170429  3   -5.4   -2.5   -0.7    1.8   80.7    4.0   13.7    3.7    5.5    0.0  882.9
10453 20170428  3   -8.8   -2.5    0.1    2.6   73.3    3.0   13.7    3.5    5.5    0.5  879.8
10453 20170427  3   -7.6   -2.9   -0.8    2.3   77.7    3.0   10.4    3.8    5.1    0.0  880.2
10453 20170426  3   -5.6   -4.3   -1.6    1.7   78.6    3.0   10.2    4.6    6.1    0.1  877.3
10453 20170425  3   -4.2   -3.8   -1.2    2.2   87.2    6.0   23.4    2.4    7.7    1.0  872.3
10453 20170424  3   -5.2   -4.1    0.4    4.9   78.8    6.0   21.7    8.8    5.3    1.1  880.0
10453 20170423  3   -4.5   -4.0   -3.1   -2.0   95.2    5.0   19.8    0.2    7.6    3.2  885.4
10453 20170422  3   -3.0   -3.4   -2.0    1.6   95.5    6.0   21.2    1.0    7.6    4.8  884.9
10453 20170421  3   -2.9   -1.9    1.2    3.7   86.4    6.0   25.2    3.6    6.7    7.5  890.9
10453 20170420  3   -9.9   -8.1   -3.8    1.1   76.4    4.0   10.8   12.9    4.3    0.0  896.5
10453 20170419  3   -8.9   -7.8   -6.3   -4.5   92.8    5.0   17.8    1.9    6.7    0.4  894.5
10453 20170418  3   -5.5   -6.3   -4.1   -2.8   95.6    6.0   17.2    0.0    8.0   14.9  886.3
10453 20170417  3   -3.6   -4.0   -2.4    0.3   94.8    4.0   15.6    2.6    7.5    1.1  880.6
10453 20170416  3   -2.6   -3.0   -1.5    2.4   93.0    6.0   23.7    2.8    7.5    2.8  880.8
10453 20170415  3   -2.1   -2.4    0.1    1.9   98.6    7.0   30.6    0.1    7.8    4.6  877.7
10453 20170414  3   -2.2   -2.6   -0.1    4.2   91.7    5.0   18.2    4.7    7.5    0.6  880.8
10453 20170413  3   -1.4   -1.5   -0.1    1.1   98.0    6.0   22.4    0.1    8.0    2.5  878.0
10453 20170412  3    0.6    0.4    1.7    5.1   96.0    8.0   31.9    0.7    7.9   15.3  879.3
10453 20170411  3   -2.8   -3.2   -0.9    1.5   92.7    6.0   23.9    0.3    7.4    0.3  887.1
10453 20170410  3   -2.0   -2.1    4.9   10.2   82.9    6.0   20.9    4.7    4.8    0.1  885.2
10453 20170409  3    3.2    3.2    7.7   13.4   79.8    3.0   14.7   10.9    3.3    0.1  891.1
10453 20170408  3   -1.4    2.7    3.7    5.4   97.5    3.0   10.3    1.3    6.8    1.1  890.5
10453 20170407  3   -0.8   -1.1    1.5    4.1  100.0    7.0   21.0    0.0    8.0    1.8  887.2
10453 20170406  3   -2.7   -3.0   -0.9    2.2   94.9    6.0   22.3    6.7    7.3    0.5  887.7
10453 20170405  3   -2.1   -2.4    1.3    4.9   96.5    5.0   24.1    2.5    7.0    1.4  887.9
10453 20170404  3   -1.9   -1.1    1.4    5.0   93.9    3.0   10.4    3.2    6.3    0.1  890.1
10453 20170403  3   -5.7   -0.5    3.5    7.5   92.1    2.0    7.7    7.2    3.3    0.2  891.5
10453 20170402  3    1.6    3.6    5.6    8.7   91.0    4.0   10.5    4.2    4.7    0.2  886.6
10453 20170401  3   -0.9    5.4    9.5   13.9   74.4    3.0   12.2    7.4    5.8   12.1  881.9
10453 20170331  3    5.5    7.0   10.2   13.9   60.4    6.0   23.4    8.8    5.4    0.0  885.7
10453 20170330  3    4.8    4.7    7.8   11.6   85.9    5.0   16.6    6.2    6.9    0.0  892.4
10453 20170329  3    2.0    2.6    4.5    6.2   93.3    7.0   26.8    1.4    6.8    0.2  889.2
10453 20170328  3    4.0    6.2    8.5   11.7   47.7    5.0   15.0   11.8    2.1    0.0  889.4
10453 20170327  3   -3.0    0.7    6.6   12.2   41.5    3.0   10.4   12.0    0.5    0.0  891.9
10453 20170326  3   -2.8   -2.3    1.4    6.2   76.4    4.0   16.5   11.0    5.5    0.0  890.8
10453 20170325  3   -4.2   -1.1    1.4    4.9   68.2    4.0   14.0   10.2    5.2    0.2  893.8
10453 20170324  3   -3.2   -2.9   -0.5    2.8   90.3    5.0   16.3   11.5    4.0    0.0  893.6
10453 20170323  3   -1.3   -1.5    0.6    4.6  100.0    4.0   12.6    1.2    7.8    0.7  884.2
10453 20170322  3   -9.5   -4.1   -1.2    2.5   76.3    4.0   15.8    5.9    6.8    0.2  881.5
10453 20170321  3   -3.9   -3.2    0.5    2.1   98.8    6.0   26.3    0.0    7.9    9.0  874.9
10453 20170320  3    2.1    1.9    2.9    3.6  100.0    8.0   28.0    0.0    8.0    6.0  873.6
10453 20170319  3   -2.8   -2.9    1.7    4.7  100.0    8.0   34.5    0.0    8.0   15.0  873.1
10453 20170318  3   -2.6   -2.9   -0.9    2.3  100.0    8.0   36.0    0.0    8.0   12.0  869.4
10453 20170317  3   -2.8   -3.0    0.8    5.6   86.6    7.0   24.0    0.4    6.0    6.3  878.3
10453 20170316  3   -2.1   -0.9    4.1    8.5   48.8    5.0   21.0   10.8    3.5    0.0  889.6
10453 20170315  3   -1.0   -0.2    1.5    3.7   89.1    6.0   21.1    6.4    7.5    0.0  893.7
10453 20170314  3   -1.5   -1.3    1.6    4.1   95.2    6.0   20.9    3.5    7.6    0.2  893.8
10453 20170313  3   -7.6   -4.8    0.4    4.5   62.0    4.0   15.2    5.7    4.8    0.0  889.4
10453 20170312  3   -5.9   -4.8   -2.7    0.8   92.3    5.0   16.4    5.2    6.5    0.1  885.0
10453 20170311  3   -4.7   -3.4   -0.9    3.7   86.8    3.0   11.7    2.6    5.1    0.1  889.0
10453 20170310  3   -2.8   -2.8   -1.9   -0.8   99.8    6.0   25.9    4.2    6.5    0.2  888.5
10453 20170309  3   -3.6   -3.3   -0.1    2.4   88.0    6.0   27.4    4.4    7.1    9.0  881.7
10453 20170308  3   -2.6   -2.9   -2.0   -0.1  100.0    7.0   31.8    0.0    8.0    7.4  880.7
10453 20170307  3   -3.6   -3.9   -2.4   -0.1   99.5    4.0   13.2    3.1    7.7    0.9  877.3
10453 20170306  3   -2.3   -2.4   -1.6   -0.3  100.0    4.0   10.8    0.2    7.9    9.7  867.4
10453 20170305  3   -1.5   -1.4   -0.5    1.8   99.7    7.0   30.1    0.7    7.5    2.1  866.7
10453 20170304  3    1.4    1.8    5.6    9.2   68.3    6.0   27.4    3.4    7.6    0.6  866.1
10453 20170303  3   -3.8   -3.5   -1.4    4.3   93.9    7.0   22.8    3.7    7.4    0.0  875.7
10453 20170302  3   -3.6   -3.7   -2.2   -0.1   99.7    9.0   39.2    0.0    7.9   18.2  869.2
10453 20170301  3   -4.9   -5.0   -2.8   -1.3   99.9    8.0   30.0    0.0    7.9   22.9  865.0
10453 20170228  3   -4.7   -4.9   -2.3   -0.2   96.9    8.0   30.5    2.1    7.5    5.0  859.6
10453 20170227  3    0.0   -0.2    1.4    3.1   95.1    8.0   30.6    0.8    7.4    4.0  869.4
10453 20170226  3   -2.8   -3.0   -0.8    1.6   97.6    8.0   26.4    0.0    7.1    0.1  876.7
10453 20170225  3   -6.0   -6.0   -4.1   -2.5   98.8    7.0   27.0    0.0    8.0    0.7  881.5
10453 20170224  3   -6.1   -5.6   -4.5   -2.2   99.4    7.0   41.4    0.0    7.6    4.6  870.4
10453 20170223  3   -1.9   -2.2    0.3    2.2  100.0    9.0   43.8    0.0    8.0   25.6  862.2
10453 20170222  3   -1.4   -1.9    1.7    3.2  100.0    9.0   37.8    0.0    8.0   42.9  869.9
10453 20170221  3   -0.8   -1.0    0.6    3.7  100.0    8.0   28.9    0.0    8.0    3.7  876.8
10453 20170220  3   -1.0   -1.2    0.6    3.7  100.0    8.0   29.0    0.0    8.0   13.8  879.4
10453 20170219  3   -4.1   -4.0   -2.2   -0.8   99.6    6.0   19.6    0.0    7.8    5.4  884.9
10453 20170218  3   -4.5   -3.9   -2.7   -1.6   99.3    5.0   16.0    0.0    7.0    0.4  889.1
10453 20170217  3   -1.6   -1.9   -1.0   -0.3  100.0    6.0   21.2    0.0    8.0    8.2  886.9
10453 20170216  3   -0.1   -0.3    2.6    5.3   95.3    6.0   19.1    0.6    5.8    1.6  893.7
10453 20170215  3   -0.6    4.6    7.6   12.3   28.0    4.0   11.0    8.7    0.3    0.0  898.3
10453 20170214  3   -3.2   -1.9    3.1    6.7   29.5    6.0   17.4    9.0    0.4    0.0  896.7
10453 20170213  3   -5.0   -4.2   -2.5   -0.8   76.5    7.0   19.5    8.9    0.5    0.0  895.7
10453 20170212  3   -7.1   -6.6   -1.6    2.9   79.8    4.0   21.3    8.2    1.6    0.1  891.9
10453 20170211  3   -6.6   -6.7   -5.1   -3.4   99.4    4.0   13.0    0.0    7.9    0.4  886.1
10453 20170210  3   -8.8   -9.0   -7.6   -6.4   97.0    7.0   22.9    0.0    8.0    2.4  885.2
10453 20170209  3  -11.7  -10.7   -9.1   -7.7   94.8    5.0   19.9    0.8    6.2    0.9  889.2
10453 20170208  3  -12.8   -9.5   -7.7   -3.3   96.9    3.0    8.6    4.3    5.3    0.1  887.0
10453 20170207  3   -9.9   -9.7   -8.0   -6.0   97.6    3.0    9.7    0.0    7.6    1.0  883.1
10453 20170206  3   -6.0   -5.9   -3.2   -0.4   99.8    3.0   10.5    0.1    7.9    0.3  881.0
10453 20170205  3   -3.2   -3.5   -2.2   -0.8  100.0    4.0   14.0    0.0    7.8    0.5  870.5
10453 20170204  3   -1.8   -1.9   -0.9    0.3   99.8    6.0   27.5    0.0    7.8    1.7  869.5
10453 20170203  3    0.1   -0.1    2.0    4.0   98.7    6.0   23.1    0.0    7.1    3.3  873.0
10453 20170202  3   -1.3    0.6    2.2    4.0   97.5    6.0   21.0    2.8    6.8    0.7  877.7
10453 20170201  3   -5.9   -5.0   -1.9    2.3   82.8    4.0   12.6    8.2    1.8    0.8  882.4
10453 20170131  3   -5.9   -5.1   -3.7   -1.9   99.8    4.0   17.2    0.0    7.6    0.4  878.9
10453 20170130  3   -3.1   -3.3   -2.3   -1.6  100.0    7.0   26.5    0.0    8.0   12.9  876.5
10453 20170129  3   -2.8   -3.0   -1.9    0.2   97.4    7.0   28.8    0.7    7.0    0.9  884.1
10453 20170128  3   -2.1   -1.4    2.4    6.4   60.3    6.0   25.6    8.1    2.7    0.0  883.6
10453 20170127  3   -3.4   -0.8    3.4    7.4   43.4    5.0   19.7    8.3    1.0    0.0  887.1
10453 20170126  3   -8.5   -8.0   -2.8    2.3   53.4    7.0   21.6    8.8    3.0    0.0  889.6
10453 20170125  3  -13.0   -7.8   -6.7   -6.0   96.6    5.0   17.5    0.0    6.3    1.2  892.0
10453 20170124  3  -11.5   -7.3   -6.8   -5.6   97.1    4.0   14.5    0.2    6.8    0.9  889.2
10453 20170123  3  -12.2   -8.7   -2.1    3.4   59.3    4.0   15.3    8.0    2.8    1.2  886.6
10453 20170122  3   -6.6   -0.4    1.6    3.4   38.1    5.0   14.9    8.6    0.3    0.0  890.0
10453 20170121  3   -8.2   -1.2    1.4    4.1   67.3    3.0   10.7    8.5    0.7    0.0  894.2
10453 20170120  3   -5.0   -1.0    0.9    4.7   88.4    3.0   10.2    5.3    4.1    0.0  897.7
10453 20170119  3   -9.6   -8.0   -2.8    1.3   76.7    4.0   10.1    5.5    4.8    0.0  899.2
10453 20170118  3  -12.4  -10.5   -8.9   -6.9   91.5    4.0    8.5    0.9    4.5    0.0  899.5
10453 20170117  3  -12.2  -10.4   -8.8   -6.4   96.3    4.0   12.8    3.4    6.5    0.3  895.9
10453 20170116  3  -11.7  -10.6   -9.7   -8.4   93.8    5.0           8.1    5.6    0.4  887.2
10453 20170115  3   -8.3   -8.4   -7.2   -6.5   96.9    6.0   21.8    0.0    8.0    1.8  879.3
10453 20170114  3   -6.6   -6.8   -5.7   -4.1   97.8    7.0   28.8    0.0    8.0    9.3  869.4
10453 20170113  3   -8.1   -7.5   -5.2   -3.5   98.3    8.0   34.5    0.0    8.0   26.4  858.2
10453 20170112  3   -4.2   -4.3   -4.1   -3.7   98.9    8.0   33.3    0.0    8.0   18.1  868.7
10453 20170111  3   -5.7   -5.9   -4.3   -2.3   98.8    8.0   36.4    0.0    8.0   17.3  870.2
10453 20170110  3   -6.0   -6.5   -5.1   -3.7   98.9    6.0   23.1    0.0    8.0    0.8  876.3
10453 20170109  3   -7.6   -7.8   -6.0   -4.0   98.1    5.0   15.9    1.5    7.5    1.8  887.0
10453 20170108  3   -5.9   -5.9   -4.6   -3.6   99.2    4.0   20.2    0.0    8.0    1.6  890.9
10453 20170107  3  -14.9  -13.9   -8.1   -3.8   78.0    6.0   21.7    0.0    7.2    4.1  891.0
10453 20170106  3  -21.2  -16.5  -14.5  -12.3   83.7    3.0           6.4    1.8    0.0  897.6
10453 20170105  3  -14.6  -14.7  -11.2   -9.2   93.9    5.0   24.3    0.1    7.8    0.7  888.0
10453 20170104  3   -9.7   -9.7   -4.7   -2.6   97.9    8.0   34.8    0.0    7.8    7.2  871.9
10453 20170103  3   -4.9   -5.1   -4.3   -3.1   98.9    8.0   34.2    0.0    8.0   14.8  880.5
10453 20170102  3   -6.4   -6.5   -5.5   -4.4   98.6    6.0   21.1    0.0    7.9    9.1  881.8
10453 20170101  3   -6.4   -5.5   -2.9   -0.9   79.0    7.0   23.4    4.0    3.2    3.2  882.9
10453 20161231  3   -3.5   -3.0    1.4    3.6   48.5    6.0   23.2    7.9    1.7    0.1  894.6
10453 20161230  3   -6.9    2.0    3.4    5.5   20.5    5.0   15.0    7.9    0.5    0.0  900.9
10453 20161229  3   -9.0   -4.9   -0.7    4.2   57.3    3.0    7.4    7.8    2.3    0.0  903.5
10453 20161228  3   -2.9   -3.0   -1.6   -0.9  100.0    6.0   22.7    0.0    8.0    5.2  903.5
10453 20161227  3   -3.2   -3.6   -1.7   -0.3  100.0    8.0   32.9    0.0    8.0    5.8  896.3
10453 20161226  3   -3.6   -3.9    0.1    3.5   99.9    9.0   33.9    0.0    7.8   10.6  887.1
10453 20161225  3   -0.4   -0.7    1.4    3.2  100.0    9.0   35.9    0.0    8.0   16.9  885.3
10453 20161224  3   -2.8   -3.1   -1.5   -0.7  100.0    8.0   35.4    0.0    8.0    6.0  886.0
10453 20161223  3   -3.3   -3.3   -2.0   -1.0   99.8    7.0   29.2    0.7    7.0    4.0  894.3
10453 20161222  3   -2.1   -1.8    0.3    2.4   92.1    6.0   22.6    0.8    5.5    1.8  892.5
10453 20161221  3   -1.9    0.1    3.0    8.4   58.0    6.0   20.1    7.7    1.1    0.0  891.2
10453 20161220  3   -3.0    1.1    4.8    9.1   22.4    6.0   18.2    7.6    0.1    0.0  890.7
10453 20161219  3   -6.3   -3.1   -0.8    3.1   78.6    4.0   13.1    5.6    3.1    0.0  894.3
10453 20161218  3   -1.8   -2.1   -1.2   -0.5   99.8    5.0   18.8    0.0    8.0    6.3  896.7
10453 20161217  3   -1.4   -0.2    1.8    3.5   87.7    5.0   15.5    2.3    5.8    0.3  899.9
10453 20161216  3   -4.2    0.3    2.9    5.9   29.5    5.0   14.3    7.8    1.6    0.0  894.6
10453 20161215  3   -5.9   -3.9   -1.2    0.4   91.0    5.0   14.8    0.0    5.9    0.2  893.1
10453 20161214  3   -0.8    0.1    1.4    3.9   98.6    3.0   11.6    2.9    6.3    0.3  890.6
10453 20161213  3   -2.5   -2.2   -0.7    1.6   99.8    5.0   17.9    0.2    7.8    0.8  889.7
10453 20161212  3   -1.4   -1.4   -0.3    0.5   99.8    5.0   22.4    0.0    7.8    8.0  888.6
10453 20161211  3   -0.7   -0.9    0.5    2.9  100.0    8.0   31.0    0.0    8.0   17.9  881.0
10453 20161210  3    1.3    1.4    3.0    4.7   98.5    7.0   25.2    0.0    7.8    8.4  888.5
10453 20161209  3    1.2    1.1    3.2    6.1  100.0    7.0   26.4    0.1    8.0    4.8  891.8
10453 20161208  3    1.9    3.0    5.2    7.2   62.7    8.0   27.7    4.7    6.5    1.2  893.7
10453 20161207  3   -6.0    0.2    3.0    4.9   66.8    6.0   24.6    0.9    6.3    0.0  896.2
10453 20161206  3   -7.2   -4.3   -1.4    1.4   48.0    4.0   10.6    8.0    1.7    0.0  894.4
10453 20161205  3   -4.8   -1.3    0.8    3.5   28.4    4.0    9.3    8.1    0.8    0.0  891.7
10453 20161204  3  -11.1   -3.5   -1.3    0.7   23.4    2.0    7.2    7.5    2.6    0.0  893.0
10453 20161203  3  -11.4   -5.8   -3.1    0.4   52.8    3.0   12.2    8.1    0.9    0.0  889.9
10453 20161202  3   -7.2   -5.9   -3.4    0.5   96.6    6.0   33.0    5.6    4.0    0.5  884.2
10453 20161201  3   -2.4   -2.7   -1.1    0.5  100.0    8.0   31.3    0.0    8.0   12.9  884.5
10453 20161130  3   -6.6   -5.4   -4.1   -2.5   73.2    7.0   24.6    0.0    7.0    5.3  890.8
10453 20161129  3  -11.9   -9.0   -3.5    2.2   25.1    4.0   18.0    8.3    0.5    0.0  895.5
10453 20161128  3  -11.4  -10.0   -7.8   -5.7   94.5    5.0   18.2    2.7    6.4    0.2  890.7
10453 20161127  3   -6.2   -5.8   -2.2    1.3   99.7    6.0   22.4    0.6    7.6    1.7  882.8
10453 20161126  3   -7.0   -0.7    3.4    8.5   38.5    4.0   18.8    7.9    2.3    2.5  884.8
10453 20161125  3   -3.6   -2.2    0.1    1.8   40.8    6.0   20.8    8.4    2.1    0.0  888.3
10453 20161124  3   -2.6   -1.1    2.9    9.6   80.5    5.0   16.9    1.0    5.7    0.0  889.3
10453 20161123  3    3.6    8.2   10.0   12.4   66.2    4.0   12.0    2.2    6.5    0.0  887.6
10453 20161122  3    4.6    6.3    8.1    9.6   71.3    5.0   17.6    0.2    7.2    0.0  881.0
10453 20161121  3    2.9    3.8    7.0   10.1   66.7    7.0   26.5    0.9    7.3    0.0  874.6
10453 20161120  3   -2.3   -2.5    0.4    5.9   96.8    9.0   36.0    0.3    7.5    0.9  870.0
10453 20161119  3   -2.1   -2.4   -1.4   -0.7  100.0    8.0   26.6    0.0    8.0    3.2  873.0
10453 20161118  3   -1.0   -1.4    1.2    4.0  100.0    8.0   33.9    0.0    8.0   17.7  867.0
10453 20161117  3    1.2    1.0    2.4    3.5  100.0    8.0   32.4    0.0    8.0   19.7  872.5
10453 20161116  3    2.1    2.2    3.6    4.6  100.0    7.0   26.4    0.0    8.0   12.4  882.0
10453 20161115  3   -5.4   -5.7    0.0    3.8   97.3    6.0   21.0    0.0    8.0    7.5  888.6
10453 20161114  3   -8.7   -7.4   -4.8   -3.3   68.5    5.0   16.0    7.6    3.3    0.7  894.7
10453 20161113  3   -8.5   -8.3   -7.1   -5.5   93.0    6.0   18.2    6.9    4.3    0.0  890.5
10453 20161112  3   -9.6   -8.1   -7.3   -6.3   97.2    4.0   12.4    0.1    5.8    0.6  888.1
10453 20161111  3   -9.4   -8.3   -5.3   -2.3   98.1    4.0   14.6    0.5    5.9    0.5  881.1
10453 20161110  3   -6.9   -4.1   -3.1   -0.6   99.9    3.0   10.6    0.8    7.8    2.5  871.4
10453 20161109  3   -6.9   -6.8   -5.0   -3.5   99.4    5.0   15.5    0.0    8.0    3.6  870.5
10453 20161108  3   -7.6   -7.2   -4.8   -3.0   98.8    5.0   17.2    0.0    8.0    2.5  872.4
10453 20161107  3   -3.5   -3.6   -2.4   -1.6  100.0    3.0    7.8    0.0    8.0    9.2  872.0
10453 20161106  3   -1.9   -2.3   -1.7   -1.1  100.0    6.0   20.5    0.0    8.0    4.2  866.5
10453 20161105  3   -0.9   -1.2   -0.2    0.6  100.0    6.0   21.8    0.0    8.0    4.6  868.4
10453 20161104  3   -1.4   -1.7   -1.1   -0.5   99.9    6.0   20.0    0.0    7.8    0.4  879.6
10453 20161103  3   -4.3   -4.5   -1.7   -0.2   99.4    5.0   14.7    0.3    7.5    0.5  885.0
10453 20161102  3   -4.0   -4.0   -0.9    0.0  100.0    7.0   23.6    0.0    8.0   10.2  880.1
10453 20161101  3    0.0   -0.2    4.4    7.4   94.5    5.0   17.2    0.5    5.9    6.7  886.4
10453 20161031  3    1.7    3.7    4.8    7.1   99.6    3.0   11.5    1.1    6.9    0.3  894.7
10453 20161030  3    2.0    1.8    2.9    3.9  100.0    6.0   17.1    0.0    8.0    3.8  895.4
10453 20161029  3    2.0    1.6    2.2    3.6   99.5    6.0   19.4    1.1    7.8    0.9  896.5
10453 20161028  3    3.9    3.6    4.9    6.3  100.0    7.0   26.3    0.0    8.0    4.8  895.8
10453 20161027  3   -0.1    1.1    4.1    5.1   99.5    6.0   22.9    0.0    8.0    1.3  896.6
10453 20161026  3    0.0    0.7    1.2    1.9   99.9    4.0   13.7    0.0    8.0    1.3  893.7
10453 20161025  3   -1.0    1.0    4.1    5.9   99.6    3.0   12.5    0.0    7.4    2.5  888.3
10453 20161024  3    0.0    1.3    3.5    5.8   92.8    3.0    8.6    0.0    7.8   14.5  882.7
10453 20161023  3   -4.2   -2.4   -0.8    1.3   98.0    3.0   10.8    0.5    7.5    0.2  881.3
10453 20161022  3   -2.5   -2.0   -1.1   -0.3   99.8    3.0   10.5    0.0    8.0    0.6  879.4
10453 20161021  3   -1.4   -1.5   -0.6   -0.1  100.0    4.0   12.9    0.0    8.0   15.3  879.0
10453 20161020  3   -0.7   -0.9   -0.4   -0.1  100.0    4.0   18.6    0.0    8.0    6.4  878.9
10453 20161019  3   -0.5   -0.9    0.6    3.2  100.0    6.0   25.0    0.0    8.0   17.0  879.0
10453 20161018  3    3.7    3.5    5.4    7.4   97.8    5.0   20.6    3.9    6.8    8.4  887.5
10453 20161017  3    5.2    6.8    7.6    8.4   98.5    5.0   15.3    0.4    6.9    0.2  890.6
10453 20161016  3   -0.4    4.5    6.9   10.9   93.4    3.0   11.7   10.2    2.7    0.5  890.4
10453 20161015  3    3.9    3.9    6.1    8.5   98.5    5.0   19.8    0.1    7.8    0.7  881.7
10453 20161014  3   -0.5   -0.8    2.4   11.7   90.7    6.0   19.5    4.8    7.5    0.6  879.8
10453 20161013  3   -0.1   -0.4    0.1    0.6  100.0    6.0   18.0    0.0    8.0    4.8  885.1
10453 20161012  3   -0.3   -0.9   -0.2    0.4  100.0    5.0   16.9    0.0    8.0   10.7  886.2
10453 20161011  3   -0.9   -0.1    0.9    1.9  100.0    4.0   14.5    0.0    7.7   13.5  886.3
10453 20161010  3   -1.2    0.3    1.2    2.5   99.0    3.0    7.4    0.1    7.3    1.1  889.5
10453 20161009  3    0.1   -0.3    0.6    1.5  100.0    4.0   14.9    0.0    8.0    3.2  889.6
10453 20161008  3    0.1    0.4    1.2    1.9  100.0    5.0   17.2    0.0    8.0    6.2  888.3
10453 20161007  3    0.6    0.6    2.8    3.9  100.0    5.0   15.8    0.1    8.0   10.3  886.9
10453 20161006  3    0.7    0.4    2.8    4.8  100.0    7.0   22.1    0.0    8.0   41.5  887.8
10453 20161005  3    0.1   -0.5    0.6    1.6  100.0    6.0   23.4    0.0    8.0    9.5  895.8
10453 20161004  3    1.2    0.7    4.0    5.9   98.5    7.0   25.8    3.8    7.4    1.4  897.8
10453 20161003  3    3.8    3.4    4.8    6.0  100.0    5.0   17.6    0.0    8.0   34.3  889.2
10453 20161002  3    4.2    3.9    5.4    7.3   97.8    6.0   19.1    2.5    7.4   14.1  880.7
10453 20161001  3    5.3    4.6    7.1    9.2   99.1    5.0   17.4    0.0    7.7   13.5  879.9
10453 20160930  3    4.0    5.4    7.2    9.8   96.4    5.0   19.1    1.4    7.2    1.9  883.3
10453 20160929  3    8.4    9.2   11.5   14.8   83.3    8.0   25.8    5.3    6.6    3.0  885.8
10453 20160928  3    7.3    7.7    9.5   10.8   94.3    8.0   26.7    0.4    6.9    0.0  891.9
10453 20160927  3    8.2    8.2   10.5   14.0   89.0    4.0   17.1    4.2    5.7    0.1  894.8
10453 20160926  3    8.3    8.5    9.6   12.0   98.2    3.0   11.4    0.5    7.3    0.2  891.9
10453 20160925  3    7.1    9.3   11.7   14.8   72.0    5.0   15.9   10.6    3.3    0.1  890.4
10453 20160924  3    4.8    6.6    9.9   13.2   82.8    4.0   12.3    7.6    5.2    0.2  894.0
10453 20160923  3    5.2    8.1   10.2   14.5   80.5    4.0   11.8    7.5    5.1    0.0  893.0
10453 20160922  3    1.1    7.3    9.1   13.0   89.3    2.0    6.6    2.5    5.7    0.0  891.2
10453 20160921  3   -0.3    5.2    7.8   11.6   88.0    3.0    8.9    4.5    6.1    0.3  889.5
10453 20160920  3    2.0    4.4    5.8    7.3   86.1    4.0   11.5    4.9    5.8    0.1  888.2
10453 20160919  3    5.4    5.6    6.2    7.4   98.0    5.0   13.7    0.0    7.9    0.3  887.0
10453 20160918  3    6.7    6.3    7.9   10.1   99.3    5.0   17.4    0.9    7.5    0.8  884.9
10453 20160917  3    9.3    8.7   10.0   11.1  100.0    6.0   19.7    0.0    8.0   23.7  884.3
10453 20160916  3   10.3   10.8   13.5   17.2   83.9    3.0   10.0    0.2    7.2   13.9  884.8
10453 20160915  3   11.3   13.0   15.5   18.5   62.8    5.0   15.2   12.0    0.7    0.1  886.3
10453 20160914  3   12.9   14.4   17.9   20.9   58.5    5.0   17.7    9.5    0.8    0.0  888.8
10453 20160913  3   15.0   16.9   19.9   23.7   54.5    4.0   14.2   11.7    0.2    0.0  890.3
10453 20160912  3   12.6   14.6   19.1   23.1   59.0    4.0   12.3   11.9    0.8    0.0  891.8
10453 20160911  3   10.1   14.4   16.7   20.7   69.3    3.0   12.1    9.0    1.9    0.0  890.4
10453 20160910  3   10.9   12.6   16.4   20.2   76.1    4.0   10.8   10.0    1.3    0.0  889.5
10453 20160909  3    7.3   12.3   14.4   17.7   89.1    3.0   11.4    3.7    3.3    0.2  889.1
10453 20160908  3   11.7   13.8   16.9   20.6   70.8    5.0   13.6   12.7    2.0    0.0  886.4
10453 20160907  3    0.3   10.2   15.7   19.6   53.1    4.0   15.4   13.0    2.0    0.0  893.2
10453 20160906  3    3.5    8.8   11.7   16.2   89.0    3.0    9.1    5.9    4.0    0.0  896.3
10453 20160905  3    7.9    7.6    9.3   10.7  100.0    5.0   20.9    0.0    8.0    5.4  886.9
10453 20160904  3    8.3    8.0   10.8   14.0   95.9    7.0   24.8    0.2    7.4   14.0  881.9
10453 20160903  3    8.6    9.9   13.3   16.4   76.0    5.0   16.1    7.1    6.3    0.0  888.1
10453 20160902  3    7.7    9.4   13.1   18.0   72.7    4.0   13.5   10.6    5.4    0.0  890.9
10453 20160901  3    8.8   11.0   13.7   17.1   72.7    4.0   11.7    9.0    4.3    0.0  892.1
10453 20160831  3    6.6    9.4   13.6   18.5   59.5    4.0   13.8   13.3    0.4    0.0  892.7
10453 20160830  3    3.9    5.9   10.2   14.6   71.8    3.0   12.1   13.3    3.0    0.0  894.7
10453 20160829  3    7.3    7.1   10.2   12.7   97.8    6.0   22.6    0.8    7.3    1.2  888.2
10453 20160828  3   10.9   11.6   19.6   24.3   61.5    6.0   26.4    9.4    4.6    2.0  887.5
10453 20160827  3    9.0   19.3   21.7   24.7   55.8    3.0   11.8    9.3    1.0    0.0  892.4
10453 20160826  3    9.5   17.9   21.9   28.1   44.2    4.0   15.8   13.5    0.7    0.0  891.3
10453 20160825  3   13.5   16.5   20.0   24.1   49.2    5.0   15.0   13.9    0.0    0.0  892.7
10453 20160824  3   11.3   13.3   17.8   22.9   71.7    3.0    8.4   13.8    0.6    0.0  896.5
10453 20160823  3   10.6   10.4   13.9   18.6   91.2    4.0   13.0    4.2    5.8    0.4  897.4
10453 20160822  3    9.1    8.5    9.9   11.3   97.9    5.0   15.2    1.4    7.5    1.1  894.0
10453 20160821  3    8.1    8.0    9.2   11.5   95.6    6.0   18.7    4.0    6.2    2.2  887.3
10453 20160820  3    8.5    9.1   11.6   13.8   98.3    6.0   20.3    2.2    7.6    2.2  884.0
10453 20160819  3    1.5   10.2   14.3   18.4   64.8    3.0   17.4    9.9    3.2    6.6  883.0
10453 20160818  3   -1.1    7.3   11.3   17.9   68.4    2.0    7.8   12.0    1.9    0.0  882.1
10453 20160817  3    3.9    4.8    9.2   13.4   77.4    3.0    9.4   11.7    2.7    0.0  885.4
10453 20160816  3    4.3    6.9    9.9   14.5   78.1    3.0   12.4    6.2    4.9    0.0  889.0
10453 20160815  3    4.4    7.2    9.5   13.3   85.2    3.0    9.5    6.7    5.8    0.0  892.8
10453 20160814  3    5.6    8.3   10.6   13.7   88.9    4.0   13.4    4.0    6.4    0.2  892.4
10453 20160813  3    9.7   10.1   12.7   17.5   91.2    6.0   22.0    8.1    6.7    0.4  891.5
10453 20160812  3    6.5    6.2   10.1   12.5  100.0    5.0   17.0    0.0    8.0   11.2  890.5
10453 20160811  3    2.8    2.8    4.8    7.0   90.8    6.0   22.2    1.1    7.8    2.4  888.9
10453 20160810  3    2.2    3.0    4.6    7.8   93.5    4.0   14.6    3.1    6.5    3.1  887.6
10453 20160809  3    3.8    4.5    7.2   11.6   88.6    4.0   13.6    4.3    6.8    2.5  888.4
10453 20160808  3    5.9    6.6   12.2   16.1   91.0    6.0   23.2    5.6    6.1    0.2  888.7
10453 20160807  3    7.9    7.5   12.6   16.8   76.7    5.0   16.4   11.4    5.1    0.1  894.8
10453 20160806  3    8.3    8.1    9.8   13.0   94.6    5.0   15.7    1.5    7.3    1.1  893.4
10453 20160805  3    8.4    8.5   10.2   13.8   94.5    5.0   14.0    4.0    7.4    0.2  886.9
10453 20160804  3    8.5    8.4   10.6   12.8   99.5    6.0   25.8    0.0    7.9    4.6  882.4
10453 20160803  3   11.0   10.8   12.2   13.3  100.0    7.0   24.4    0.0    8.0    8.0  882.7
10453 20160802  3    6.7    7.1    8.8   10.8   95.2    5.0   17.6    0.0    7.8    5.3  885.4
10453 20160801  3    6.3    5.7    8.3   11.8   90.1    5.0   20.0    3.4    6.9    3.3  887.3
10453 20160731  3    6.8    7.0   11.2   15.5   89.4    4.0   15.4    2.4    6.7    9.5  883.9
10453 20160730  3    8.1    9.6   11.8   15.2   89.7    5.0   17.5    4.3    6.5    0.3  884.0
10453 20160729  3   10.0    9.8   11.5   13.9   97.6    5.0   17.8    2.8    7.6    2.6  883.9
10453 20160728  3    9.5   10.3   12.0   15.7   94.5    5.0   19.1    1.9    7.2    4.9  886.6
10453 20160727  3    9.5   10.6   14.3   17.5   82.7    4.0   15.7    6.1    6.0    0.2  888.0
10453 20160726  3    9.7   12.7   15.0   19.1   85.1    3.0    9.5    6.5    7.1    6.5  891.3
10453 20160725  3    8.1   13.7   17.4   21.4   72.7    3.0   10.1    3.5    6.8    3.3  890.8
10453 20160724  3    7.0   15.1   16.7   19.0   69.7    3.0    9.5    3.8    5.9    0.0  891.2
10453 20160723  3   11.3   14.2   15.7   18.2   60.8    4.0   10.6    1.4    7.4    0.0  890.4
10453 20160722  3    6.9   13.2   16.7   21.7   75.8    3.0   13.0    3.9    5.6    1.1  889.3
10453 20160721  3   12.0   16.0   17.9   21.6   73.2    4.0   11.6    4.1    6.8    0.0  887.3
10453 20160720  3   10.7   13.4   18.1   23.9   65.9    4.0   14.4   14.2    1.8    0.0  890.1
10453 20160719  3    8.9   12.4   15.9   20.7   73.5    3.0   10.7   14.8    1.9    0.0  893.1
10453 20160718  3    7.8    8.2   12.5   16.5   79.0    5.0   18.1    8.0    4.8    0.0  891.4
10453 20160717  3    8.0    9.6   12.8   15.8   91.7    5.0   19.3    3.4    7.4    5.4  890.8
10453 20160716  3    6.1    7.0   10.6   13.6   91.0    5.0   17.9    5.1    5.9    3.7  893.0
10453 20160715  3    5.5    5.6    6.6    8.1   96.3    6.0   19.3    2.2    6.2    1.8  890.6
10453 20160714  3    5.3    4.6    6.8   10.4   93.1    6.0   20.2    3.0    7.5   10.1  885.0
10453 20160713  3    6.5    6.8   10.7   14.3   81.1    4.0   13.2    4.7    6.8    1.7  883.2
10453 20160712  3    7.9    9.1   11.8   15.6   74.5    4.0   16.0    5.4    6.6    0.0  883.4
10453 20160711  3   10.6   11.1   14.6   17.5   82.9    6.0   20.4    2.3    7.3    0.0  882.1
10453 20160710  3   11.2   12.1   16.2   20.2   79.0    6.0   20.6   11.4    6.4    0.0  885.5
10453 20160709  3    7.9    7.7   11.2   14.6   84.2    6.0   22.2    7.2    6.8    0.0  887.9
10453 20160708  3    9.0    9.0   12.1   15.4   79.0    6.0   25.8    0.9    7.3    0.3  886.4
10453 20160707  3    5.1    4.9    9.7   14.5   75.6    4.0   13.0   10.7    6.3    0.0  890.0
10453 20160706  3    4.8    4.4    6.8    9.9   89.8    6.0   23.0    4.1    6.8    0.0  886.4
10453 20160705  3    5.8    5.4   10.3   13.7   95.1    6.0   26.1    3.0    7.2    1.5  884.3
10453 20160704  3    4.7    5.8    9.8   14.7   76.3    4.0   12.8    5.1    5.2    0.0  890.1
10453 20160703  3    4.1    4.5    6.8   10.9   88.1    5.0   18.2    9.1    5.1    2.6  888.0
10453 20160702  3    3.8    4.6    8.2   11.9   98.5    6.0   24.9    1.9    6.9    5.8  883.3
10453 20160701  3   10.6   10.3   12.3   15.5   93.0    7.0   23.6    4.1    7.0    0.5  884.8
10453 20160630  3    8.0    8.3   10.6   13.1   88.9    6.0   20.3    2.2    6.9    0.3  884.1
10453 20160629  3    8.9    8.8   10.7   13.3   85.5    6.0   22.7    5.9    7.1    4.0  882.7
10453 20160628  3    6.5    5.6    9.5   14.0   85.1    4.0   19.0    8.0    6.0    4.6  886.8
10453 20160627  3    5.8    6.0    8.9   12.6   89.1    5.0   16.1    6.1    6.6    2.2  887.5
10453 20160626  3    6.3    6.1    8.8   12.7   85.2    5.0   20.6    7.5    6.1    0.0  886.4
10453 20160625  3    7.7    7.3   14.5   18.8   90.7    4.0   20.4    3.8    7.0   19.9  884.7
10453 20160624  3   12.0   14.6   20.4   24.8   63.2    4.0   24.7   10.0    3.5    3.4  890.6
10453 20160623  3   12.5   14.1   19.3   23.5   67.8    5.0   16.5   15.8    0.9    0.0  893.4
10453 20160622  3   11.1   11.1   13.9   17.8   89.3    4.0   13.4    3.7    5.9    0.2  894.1
10453 20160621  3    8.2    8.0   10.7   13.8   95.0    5.0   22.1    4.0    7.1    0.8  889.2
10453 20160620  3    0.6    4.7    8.5   12.5   81.4    6.0   25.7   12.0    4.4    6.9  888.7
10453 20160619  3    2.0    5.2    7.0    8.9   96.1    4.0   14.9    1.2    6.8    3.5  890.2
10453 20160618  3    6.5    6.5    8.3   11.8   94.4    5.0   16.2    6.0    7.0    2.3  884.4
10453 20160617  3    6.3    6.6    8.0   10.3   99.1    5.0   20.7    0.9    7.8    2.5  875.9
10453 20160616  3    5.9    5.8    8.5   11.6   89.6    4.0   15.5    4.2    7.3    3.8  874.6
10453 20160615  3    5.5    6.1    7.9   11.9   95.2    4.0   15.8    3.4    7.2    6.5  872.0
10453 20160614  3    7.1    7.4    8.6   11.4   95.3    5.0   13.9    2.5    7.4    3.7  871.3
10453 20160613  3    7.0    7.9    9.0   11.3   95.3    3.0   10.3    1.0    7.6    8.0  873.7
10453 20160612  3    6.7    8.3    9.3   11.7   90.3    2.0    5.8    0.0    7.7   23.4  879.6
10453 20160611  3    5.6    6.2    8.5   11.2   87.9    3.0    7.0    2.0    7.0    0.4  881.8
10453 20160610  3    3.0    5.2    9.1   14.4   61.1    4.0   15.4    8.4    6.1    0.0  882.4
10453 20160609  3    2.7    3.9    7.9   12.7   91.4    4.0   15.4    5.7    7.0    0.2  886.2
10453 20160608  3    6.0    5.6   12.6   18.0   75.8    4.0   20.5   11.1    4.5    0.5  888.9
10453 20160607  3    7.2   11.9   14.9   17.9   57.6    3.0    8.7    9.9    4.5    3.4  893.1
10453 20160606  3    7.4   12.4   14.8   17.6   72.5    4.0   12.1   14.6    1.5    0.0  892.1
10453 20160605  3    8.8   13.5   15.3   17.8   69.5    3.0   10.4   13.0    3.1    0.0  888.9
10453 20160604  3    8.7   11.1   13.7   16.6   72.9    4.0   15.7   12.9    4.3    0.0  885.1