57521.0111020170000;20171011;2;57521.0
57521.0111020170015;20171011;2;57521.0
57521.0111020170030;20171011;2;57521.0
57521.0111020170045;20171011;2;57521.0
57521.0111020170100;20171011;2;57521.0
57521.0111020170115;20171011;2;57521.0
57521.0111020170130;20171011;2;57521.0
57521.0111020170145;20171011;2;57521.0
57521.0111020170200;20171011;2;57521.0
57521.0111020170215;20171011;2;57521.0
57521.0111020170230;20171011;2;57521.0
57521.0111020170245;20171011;2;57521.0
57521.0111020170300;20171011;2;57521.0
57521.0111020170315;20171011;2;57521.0
57521.0111020170330;20171011;2;57521.0
57521.0111020170345;20171011;2;57521.0
57521.0111020170400;20171011;2;57521.0
57521.0111020170415;20171011;2;57521.0
57521.0111020170430;20171011;2;57521.0
57521.0111020170445;20171011;2;57521.0
57521.0111020170500;20171011;2;57521.0
57521.0111020170515;20171011;2;57521.0
57521.0111020170530;20171011;2;57521.0
57521.0111020170545;20171011;2;57521.0
57521.0111020170600;20171011;2;57521.0
57521.0111020170615;20171011;2;57521.0
57521.0111020170630;20171011;2;57521.0
57521.0111020170645;20171011;2;57521.0
57521.0111020170700;20171011;2;57521.0
57521.0111020170715;20171011;2;57521.0
57521.0111020170730;20171011;2;57521.0
57521.0111020170745;20171011;2;57521.0
57521.0111020170800;20171011;2;57521.0
57521.0111020170815;20171011;2;57521.0
57521.0111020170830;20171011;2;57521.0
57521.0111020170845;20171011;2;57521.0
57521.0111020170900;20171011;2;57521.0
57521.0111020170915;20171011;2;57521.0
57521.0111020170930;20171011;2;57521.0
57521.0111020170945;20171011;2;57521.0
57521.0111020171000;20171011;2;57521.0
57521.0111020171015;20171011;2;57521.0
57521.0111020171030;20171011;2;57521.0
57521.0111020171045;20171011;2;57521.0
57521.0111020171100;20171011;2;57521.0
57521.0111020171115;20171011;2;57521.0
57521.0111020171130;20171011;2;57521.0
57521.0111020171145;20171011;2;57521.0
57521.0111020171200;20171011;2;57521.0
57521.0111020171215;20171011;2;57521.0
57521.0111020171230;20171011;2;57521.0
57521.0111020171245;20171011;2;57521.0
57521.0111020171300;20171011;2;57521.0
57521.0111020171315;20171011;2;57521.0
57521.0111020171330;20171011;2;57521.0
57521.0111020171345;20171011;2;57521.0
57521.0111020171400;20171011;2;57521.0
57521.0111020171415;20171011;2;57521.0
57521.0111020171430;20171011;2;57521.0
57521.0111020171445;20171011;2;57521.0
57521.0111020171500;20171011;2;57521.0
57521.0111020171515;20171011;2;57521.0
57521.0111020171530;20171011;2;57521.0
57521.0111020171545;20171011;2;57521.0
57521.0111020171600;20171011;2;57521.0
57521.0111020171615;20171011;2;57521.0
57521.0111020171630;20171011;2;57521.0
57521.0111020171645;20171011;2;57521.0
57521.0111020171700;20171011;2;57521.0
57521.0111020171715;20171011;2;57521.0
57521.0111020171730;20171011;2;57521.0
57521.0111020171745;20171011;2;57521.0
57521.0111020171800;20171011;2;57521.0
57521.0111020171815;20171011;2;57521.0
57521.0111020171830;20171011;2;57521.0
57521.0111020171845;20171011;2;57521.0
57521.0111020171900;20171011;2;57521.0
57521.0111020171915;20171011;2;57521.0
57521.0111020171930;20171011;2;57521.0
57521.0111020171945;20171011;2;57521.0
57521.0111020172000;20171011;2;57521.0
57521.0111020172015;20171011;2;57521.0
57521.0111020172030;20171011;2;57521.0
57521.0111020172045;20171011;2;57521.0
57521.0111020172100;20171011;2;57521.0
57521.0111020172115;20171011;2;57521.0
57521.0111020172130;20171011;2;57521.0
57521.0111020172145;20171011;2;57521.0
57521.0111020172200;20171011;2;57521.0
57521.0111020172215;20171011;2;57521.0
57521.0111020172230;20171011;2;57521.0
57521.0111020172245;20171011;2;57521.0
57521.0111020172300;20171011;2;57521.0
57521.0111020172315;20171011;2;57521.0
57521.0111020172330;20171011;2;57521.0
57521.0111020172345;20171011;2;57521.0
57521.0121020170000;20171012;2;57521.0
57521.0121020170015;20171012;2;57521.0
57521.0121020170030;20171012;2;57521.0
57521.0121020170045;20171012;2;57521.0
57521.0121020170100;20171012;2;57521.0
57521.0121020170115;20171012;2;57521.0
57521.0121020170130;20171012;2;57521.0
57521.0121020170145;20171012;2;57521.0
57521.0121020170200;20171012;2;57521.0
57521.0121020170215;20171012;2;57521.0
57521.0121020170230;20171012;2;57521.0
57521.0121020170245;20171012;2;57521.0
57521.0121020170300;20171012;2;57521.0
57521.0121020170315;20171012;2;57521.0
57521.0121020170330;20171012;2;57521.0
57521.0121020170345;20171012;2;57521.0
57521.0121020170400;20171012;2;57521.0
57521.0121020170415;20171012;2;57521.0
57521.0121020170430;20171012;2;57521.0
57521.0121020170445;20171012;2;57521.0
57521.0121020170500;20171012;2;57521.0
57521.0121020170515;20171012;2;57521.0
57521.0121020170530;20171012;2;57521.0
57521.0121020170545;20171012;2;57521.0
57521.0121020170600;20171012;2;57521.0
57521.0121020170615;20171012;2;57521.0
57521.0121020170630;20171012;2;57521.0
57521.0121020170645;20171012;2;57521.0
57521.0121020170700;20171012;2;57521.0
57521.0121020170715;20171012;2;57521.0
57521.0121020170730;20171012;2;57521.0
57521.0121020170745;20171012;2;57521.0
57521.0121020170800;20171012;2;57521.0
57521.0121020170815;20171012;2;57521.0
57521.0121020170830;20171012;2;57521.0
57521.0121020170845;20171012;2;57521.0
57521.0121020170900;20171012;2;57521.0
57521.0121020170915;20171012;2;57521.0
57521.0121020170930;20171012;2;57521.0
57521.0121020170945;20171012;2;57521.0
57521.0121020171000;20171012;2;57521.0
57521.0121020171015;20171012;2;57521.0
57521.0121020171030;20171012;2;57521.0
57521.0121020171045;20171012;2;57521.0
57521.0121020171100;20171012;2;57521.0
57521.0121020171115;20171012;2;57521.0
57521.0121020171130;20171012;2;57521.0
57521.0121020171145;20171012;2;57521.0
57521.0121020171200;20171012;2;57521.0
57521.0121020171215;20171012;2;57521.0
57521.0121020171230;20171012;2;57521.0
57521.0121020171245;20171012;2;57521.0
57521.0121020171300;20171012;2;57521.0
57521.0121020171315;20171012;2;57521.0
57521.0121020171330;20171012;2;57521.0
57521.0121020171345;20171012;2;57521.0
57521.0121020171400;20171012;2;57521.0
57521.0121020171415;20171012;2;57521.0
57521.0121020171430;20171012;2;57521.0
57521.0121020171445;20171012;2;57521.0
57521.0121020171500;20171012;2;57521.0
57521.0121020171515;20171012;2;57521.0
57521.0121020171530;20171012;2;57521.0
57521.0121020171545;20171012;2;57521.0
57521.0121020171600;20171012;2;57521.0
57521.0121020171615;20171012;2;57521.0
57521.0121020171630;20171012;2;57521.0
57521.0121020171645;20171012;2;57521.0
57521.0121020171700;20171012;2;57521.0
57521.0121020171715;20171012;2;57521.0
57521.0121020171730;20171012;2;57521.0
57521.0121020171745;20171012;2;57521.0
57521.0121020171800;20171012;2;57521.0
57521.0121020171815;20171012;2;57521.0
57521.0121020171830;20171012;2;57521.0
57521.0121020171845;20171012;2;57521.0
57521.0121020171900;20171012;2;57521.0
57521.0121020171915;20171012;2;57521.0
57521.0121020171930;20171012;2;57521.0
57521.0121020171945;20171012;2;57521.0
57521.0121020172000;20171012;2;57521.0
57521.0121020172015;20171012;2;57521.0
57521.0121020172030;20171012;2;57521.0
57521.0121020172045;20171012;2;57521.0
57521.0121020172100;20171012;2;57521.0
57521.0121020172115;20171012;2;57521.0
57521.0121020172130;20171012;2;57521.0
57521.0121020172145;20171012;2;57521.0
57521.0121020172200;20171012;2;57521.0
57521.0121020172215;20171012;2;57521.0
57521.0121020172230;20171012;2;57521.0
57521.0121020172245;20171012;2;57521.0
57521.0121020172300;20171012;2;57521.0
57521.0121020172315;20171012;2;57521.0
57521.0121020172330;20171012;2;57521.0
57521.0121020172345;20171012;2;57521.0
57521.0131020170000;20171013;2;57521.0
57521.0131020170015;20171013;2;57521.0
57521.0131020170030;20171013;2;57521.0
57521.0131020170045;20171013;2;57521.0
57521.0131020170100;20171013;2;57521.0
57521.0131020170115;20171013;2;57521.0
57521.0131020170130;20171013;2;57521.0
57521.0131020170145;20171013;2;57521.0
57521.0131020170200;20171013;2;57521.0
57521.0131020170215;20171013;2;57521.0
57521.0131020170230;20171013;2;57521.0
57521.0131020170245;20171013;2;57521.0
57521.0131020170300;20171013;2;57521.0
57521.0131020170315;20171013;2;57521.0
57521.0131020170330;20171013;2;57521.0
57521.0131020170345;20171013;2;57521.0
57521.0131020170400;20171013;2;57521.0
57521.0131020170415;20171013;2;57521.0
57521.0131020170430;20171013;2;57521.0
57521.0131020170445;20171013;2;57521.0
57521.0131020170500;20171013;2;57521.0
57521.0131020170515;20171013;2;57521.0
57521.0131020170530;20171013;2;57521.0
57521.0131020170545;20171013;2;57521.0
57521.0131020170600;20171013;2;57521.0
57521.0131020170615;20171013;2;57521.0
57521.0131020170630;20171013;2;57521.0
57521.0131020170645;20171013;2;57521.0
57521.0131020170700;20171013;2;57521.0
57521.0131020170715;20171013;2;57521.0
57521.0131020170730;20171013;2;57521.0
57521.0131020170745;20171013;2;57521.0
57521.0131020170800;20171013;2;57521.0
57521.0131020170815;20171013;2;57521.0
57521.0131020170830;20171013;2;57521.0
57521.0131020170845;20171013;2;57521.0
57521.0131020170900;20171013;2;57521.0
57521.0131020170915;20171013;2;57521.0
57521.0131020170930;20171013;2;57521.0
57521.0131020170945;20171013;2;57521.0
57521.0131020171000;20171013;2;57521.0
57521.0131020171015;20171013;2;57521.0
57521.0131020171030;20171013;2;57521.0
57521.0131020171045;20171013;2;57521.0
57521.0131020171100;20171013;2;57521.0
57521.0131020171115;20171013;2;57521.0
57521.0131020171130;20171013;2;57521.0
57521.0131020171145;20171013;2;57521.0
57521.0131020171200;20171013;2;57521.0
57521.0131020171215;20171013;2;57521.0
57521.0131020171230;20171013;2;57521.0
57521.0131020171245;20171013;2;57521.0
57521.0131020171300;20171013;2;57521.0
57521.0131020171315;20171013;2;57521.0
57521.0131020171330;20171013;2;57521.0
57521.0131020171345;20171013;2;57521.0
57521.0131020171400;20171013;2;57521.0
57521.0131020171415;20171013;2;57521.0
57521.0131020171430;20171013;2;57521.0
57521.0131020171445;20171013;2;57521.0
57521.0131020171500;20171013;2;57521.0
57521.0131020171515;20171013;2;57521.0
57521.0131020171530;20171013;2;57521.0
57521.0131020171545;20171013;2;57521.0
57521.0131020171600;20171013;2;57521.0
57521.0131020171615;20171013;2;57521.0
57521.0131020171630;20171013;2;57521.0
57521.0131020171645;20171013;2;57521.0
57521.0131020171700;20171013;2;57521.0
57521.0131020171715;20171013;2;57521.0
57521.0131020171730;20171013;2;57521.0
57521.0131020171745;20171013;2;57521.0
57521.0131020171800;20171013;2;57521.0
57521.0131020171815;20171013;2;57521.0
57521.0131020171830;20171013;2;57521.0
57521.0131020171845;20171013;2;57521.0
57521.0131020171900;20171013;2;57521.0
57521.0131020171915;20171013;2;57521.0
57521.0131020171930;20171013;2;57521.0
57521.0131020171945;20171013;2;57521.0
57521.0131020172000;20171013;2;57521.0
57521.0131020172015;20171013;2;57521.0
57521.0131020172030;20171013;2;57521.0
57521.0131020172045;20171013;2;57521.0
57521.0131020172100;20171013;2;57521.0
57521.0131020172115;20171013;2;57521.0
57521.0131020172130;20171013;2;57521.0
57521.0131020172145;20171013;2;57521.0
57521.0131020172200;20171013;2;57521.0
57521.0131020172215;20171013;2;57521.0
57521.0131020172230;20171013;2;57521.0
57521.0131020172245;20171013;2;57521.0
57521.0131020172300;20171013;2;57521.0
57521.0131020172315;20171013;2;57521.0
57521.0131020172330;20171013;2;57521.0
57521.0131020172345;20171013;2;57521.0
57521.0141020170000;20171014;2;57521.0
57521.0141020170015;20171014;2;57521.0
57521.0141020170030;20171014;2;57521.0
57521.0141020170045;20171014;2;57521.0
57521.0141020170100;20171014;2;57521.0
57521.0141020170115;20171014;2;57521.0
57521.0141020170130;20171014;2;57521.0
57521.0141020170145;20171014;2;57521.0
57521.0141020170200;20171014;2;57521.0
57521.0141020170215;20171014;2;57521.0
57521.0141020170230;20171014;2;57521.0
57521.0141020170245;20171014;2;57521.0
57521.0141020170300;20171014;2;57521.0
57521.0141020170315;20171014;2;57521.0
57521.0141020170330;20171014;2;57521.0
57521.0141020170345;20171014;2;57521.0
57521.0141020170400;20171014;2;57521.0
57521.0141020170415;20171014;2;57521.0
57521.0141020170430;20171014;2;57521.0
57521.0141020170445;20171014;2;57521.0
57521.0141020170500;20171014;2;57521.0
57521.0141020170515;20171014;2;57521.0
57521.0141020170530;20171014;2;57521.0
57521.0141020170545;20171014;2;57521.0
57521.0141020170600;20171014;2;57521.0
57521.0141020170615;20171014;2;57521.0
57521.0141020170630;20171014;2;57521.0
57521.0141020170645;20171014;2;57521.0
57521.0141020170700;20171014;2;57521.0
57521.0141020170715;20171014;2;57521.0
57521.0141020170730;20171014;2;57521.0
57521.0141020170745;20171014;2;57521.0
57521.0141020170800;20171014;2;57521.0
57521.0141020170815;20171014;2;57521.0
57521.0141020170830;20171014;2;57521.0
57521.0141020170845;20171014;2;57521.0
57521.0141020170900;20171014;2;57521.0
57521.0141020170915;20171014;2;57521.0
57521.0141020170930;20171014;2;57521.0
57521.0141020170945;20171014;2;57521.0
57521.0141020171000;20171014;2;57521.0
57521.0141020171015;20171014;2;57521.0
57521.0141020171030;20171014;2;57521.0
57521.0141020171045;20171014;2;57521.0
57521.0141020171100;20171014;2;57521.0
57521.0141020171115;20171014;2;57521.0
57521.0141020171130;20171014;2;57521.0
57521.0141020171145;20171014;2;57521.0
57521.0141020171200;20171014;2;57521.0
57521.0141020171215;20171014;2;57521.0
57521.0141020171230;20171014;2;57521.0
57521.0141020171245;20171014;2;57521.0
57521.0141020171300;20171014;2;57521.0
57521.0141020171315;20171014;2;57521.0
57521.0141020171330;20171014;2;57521.0
57521.0141020171345;20171014;2;57521.0
57521.0141020171400;20171014;2;57521.0
57521.0141020171415;20171014;2;57521.0
57521.0141020171430;20171014;2;57521.0
57521.0141020171445;20171014;2;57521.0
57521.0141020171500;20171014;2;57521.0
57521.0141020171515;20171014;2;57521.0
57521.0141020171530;20171014;2;57521.0
57521.0141020171545;20171014;2;57521.0
57521.0141020171600;20171014;2;57521.0
57521.0141020171615;20171014;2;57521.0
57521.0141020171630;20171014;2;57521.0
57521.0141020171645;20171014;2;57521.0
57521.0141020171700;20171014;2;57521.0
57521.0141020171715;20171014;2;57521.0
57521.0141020171730;20171014;2;57521.0
57521.0141020171745;20171014;2;57521.0
57521.0141020171800;20171014;2;57521.0
57521.0141020171815;20171014;2;57521.0
57521.0141020171830;20171014;2;57521.0
57521.0141020171845;20171014;2;57521.0
57521.0141020171900;20171014;2;57521.0
57521.0141020171915;20171014;2;57521.0
57521.0141020171930;20171014;2;57521.0
57521.0141020171945;20171014;2;57521.0
57521.0141020172000;20171014;2;57521.0
57521.0141020172015;20171014;2;57521.0
57521.0141020172030;20171014;2;57521.0
57521.0141020172045;20171014;2;57521.0
57521.0141020172100;20171014;2;57521.0
57521.0141020172115;20171014;2;57521.0
57521.0141020172130;20171014;2;57521.0
57521.0141020172145;20171014;2;57521.0
57521.0141020172200;20171014;2;57521.0
57521.0141020172215;20171014;2;57521.0
57521.0141020172230;20171014;2;57521.0
57521.0141020172245;20171014;2;57521.0
57521.0141020172300;20171014;2;57521.0
57521.0141020172315;20171014;2;57521.0
57521.0141020172330;20171014;2;57521.0
57521.0141020172345;20171014;2;57521.0
57521.0151020170000;20171015;2;57521.0
57521.0151020170015;20171015;2;57521.0
57521.0151020170030;20171015;2;57521.0
57521.0151020170045;20171015;2;57521.0
57521.0151020170100;20171015;2;57521.0
57521.0151020170115;20171015;2;57521.0
57521.0151020170130;20171015;2;57521.0
57521.0151020170145;20171015;2;57521.0
57521.0151020170200;20171015;2;57521.0
57521.0151020170215;20171015;2;57521.0
57521.0151020170230;20171015;2;57521.0
57521.0151020170245;20171015;2;57521.0
57521.0151020170300;20171015;2;57521.0
57521.0151020170315;20171015;2;57521.0
57521.0151020170330;20171015;2;57521.0
57521.0151020170345;20171015;2;57521.0
57521.0151020170400;20171015;2;57521.0
57521.0151020170415;20171015;2;57521.0
57521.0151020170430;20171015;2;57521.0
57521.0151020170445;20171015;2;57521.0
57521.0151020170500;20171015;2;57521.0
57521.0151020170515;20171015;2;57521.0
57521.0151020170530;20171015;2;57521.0
57521.0151020170545;20171015;2;57521.0
57521.0151020170600;20171015;2;57521.0
57521.0151020170615;20171015;2;57521.0
57521.0151020170630;20171015;2;57521.0
57521.0151020170645;20171015;2;57521.0
57521.0151020170700;20171015;2;57521.0
57521.0151020170715;20171015;2;57521.0
57521.0151020170730;20171015;2;57521.0
57521.0151020170745;20171015;2;57521.0
57521.0151020170800;20171015;2;57521.0
57521.0151020170815;20171015;2;57521.0
57521.0151020170830;20171015;2;57521.0
57521.0151020170845;20171015;2;57521.0
57521.0151020170900;20171015;2;57521.0
57521.0151020170915;20171015;2;57521.0
57521.0151020170930;20171015;2;57521.0
57521.0151020170945;20171015;2;57521.0
57521.0151020171000;20171015;2;57521.0
57521.0151020171015;20171015;2;57521.0
57521.0151020171030;20171015;2;57521.0
57521.0151020171045;20171015;2;57521.0
57521.0151020171100;20171015;2;57521.0
57521.0151020171115;20171015;2;57521.0
57521.0151020171130;20171015;2;57521.0
57521.0151020171145;20171015;2;57521.0
57521.0151020171200;20171015;2;57521.0
57521.0151020171215;20171015;2;57521.0
57521.0151020171230;20171015;2;57521.0
57521.0151020171245;20171015;2;57521.0
57521.0151020171300;20171015;2;57521.0
57521.0151020171315;20171015;2;57521.0
57521.0151020171330;20171015;2;57521.0
57521.0151020171345;20171015;2;57521.0
57521.0151020171400;20171015;2;57521.0
57521.0151020171415;20171015;2;57521.0
57521.0151020171430;20171015;2;57521.0
57521.0151020171445;20171015;2;57521.0
57521.0151020171500;20171015;2;57521.0
57521.0151020171515;20171015;2;57521.0
57521.0151020171530;20171015;2;57521.0
57521.0151020171545;20171015;2;57521.0
57521.0151020171600;20171015;2;57521.0
57521.0151020171615;20171015;2;57521.0
57521.0151020171630;20171015;2;57521.0
57521.0151020171645;20171015;2;57521.0
57521.0151020171700;20171015;2;57521.0
57521.0151020171715;20171015;2;57521.0
57521.0151020171730;20171015;2;57521.0
57521.0151020171745;20171015;2;57521.0
57521.0151020171800;20171015;2;57521.0
57521.0151020171815;20171015;2;57521.0
57521.0151020171830;20171015;2;57521.0
57521.0151020171845;20171015;2;57521.0
57521.0151020171900;20171015;2;57521.0
57521.0151020171915;20171015;2;57521.0
57521.0151020171930;20171015;2;57521.0
57521.0151020171945;20171015;2;57521.0
57521.0151020172000;20171015;2;57521.0
57521.0151020172015;20171015;2;57521.0
57521.0151020172030;20171015;2;57521.0
57521.0151020172045;20171015;2;57521.0
57521.0151020172100;20171015;2;57521.0
57521.0151020172115;20171015;2;57521.0
57521.0151020172130;20171015;2;57521.0
57521.0151020172145;20171015;2;57521.0
57521.0151020172200;20171015;2;57521.0
57521.0151020172215;20171015;2;57521.0
57521.0151020172230;20171015;2;57521.0
57521.0151020172245;20171015;2;57521.0
57521.0151020172300;20171015;2;57521.0
57521.0151020172315;20171015;2;57521.0
57521.0151020172330;20171015;2;57521.0
57521.0151020172345;20171015;2;57521.0
57521.0161020170000;20171016;2;57521.0
57521.0161020170015;20171016;2;57521.0
57521.0161020170030;20171016;2;57521.0
57521.0161020170045;20171016;2;57521.0
57521.0161020170100;20171016;2;57521.0
57521.0161020170115;20171016;2;57521.0
57521.0161020170130;20171016;2;57521.0
57521.0161020170145;20171016;2;57521.0
57521.0161020170200;20171016;2;57521.0
57521.0161020170215;20171016;2;57521.0
57521.0161020170230;20171016;2;57521.0
57521.0161020170245;20171016;2;57521.0
57521.0161020170300;20171016;2;57521.0
57521.0161020170315;20171016;2;57521.0
57521.0161020170330;20171016;2;57521.0
57521.0161020170345;20171016;2;57521.0
57521.0161020170400;20171016;2;57521.0
57521.0161020170415;20171016;2;57521.0
57521.0161020170430;20171016;2;57521.0
57521.0161020170445;20171016;2;57521.0
57521.0161020170500;20171016;2;57521.0
57521.0161020170515;20171016;2;57521.0
57521.0161020170530;20171016;2;57521.0
57521.0161020170545;20171016;2;57521.0
57521.0161020170600;20171016;2;57521.0
57521.0161020170615;20171016;2;57521.0
57521.0161020170630;20171016;2;57521.0
57521.0161020170645;20171016;2;57521.0
57521.0161020170700;20171016;2;57521.0
57521.0161020170715;20171016;2;57521.0
57521.0161020170730;20171016;2;57521.0
57521.0161020170745;20171016;2;57521.0
57521.0161020170800;20171016;2;57521.0
57521.0161020170815;20171016;2;57521.0
57521.0161020170830;20171016;2;57521.0
57521.0161020170845;20171016;2;57521.0
57521.0161020170900;20171016;2;57521.0
57521.0161020170915;20171016;2;57521.0
57521.0161020170930;20171016;2;57521.0
57521.0161020170945;20171016;2;57521.0
57521.0161020171000;20171016;2;57521.0
57521.0161020171015;20171016;2;57521.0
57521.0161020171030;20171016;2;57521.0
57521.0161020171045;20171016;2;57521.0
57521.0161020171100;20171016;2;57521.0
57521.0161020171115;20171016;2;57521.0
57521.0161020171130;20171016;2;57521.0
57521.0161020171145;20171016;2;57521.0
57521.0161020171200;20171016;2;57521.0
57521.0161020171215;20171016;2;57521.0
57521.0161020171230;20171016;2;57521.0
57521.0161020171245;20171016;2;57521.0
57521.0161020171300;20171016;2;57521.0
57521.0161020171315;20171016;2;57521.0
57521.0161020171330;20171016;2;57521.0
57521.0161020171345;20171016;2;57521.0
57521.0161020171400;20171016;2;57521.0
57521.0161020171415;20171016;2;57521.0
57521.0161020171430;20171016;2;57521.0
57521.0161020171445;20171016;2;57521.0
57521.0161020171500;20171016;2;57521.0
57521.0161020171515;20171016;2;57521.0
57521.0161020171530;20171016;2;57521.0
57521.0161020171545;20171016;2;57521.0
57521.0161020171600;20171016;2;57521.0
57521.0161020171615;20171016;2;57521.0
57521.0161020171630;20171016;2;57521.0
57521.0161020171645;20171016;2;57521.0
57521.0161020171700;20171016;2;57521.0
57521.0161020171715;20171016;2;57521.0
57521.0161020171730;20171016;2;57521.0
57521.0161020171745;20171016;2;57521.0
57521.0161020171800;20171016;2;57521.0
57521.0161020171815;20171016;2;57521.0
57521.0161020171830;20171016;2;57521.0
57521.0161020171845;20171016;2;57521.0
57521.0161020171900;20171016;2;57521.0
57521.0161020171915;20171016;2;57521.0
57521.0161020171930;20171016;2;57521.0
57521.0161020171945;20171016;2;57521.0
57521.0161020172000;20171016;2;57521.0
57521.0161020172015;20171016;2;57521.0
57521.0161020172030;20171016;2;57521.0
57521.0161020172045;20171016;2;57521.0
57521.0161020172100;20171016;2;57521.0
57521.0161020172115;20171016;2;57521.0
57521.0161020172130;20171016;2;57521.0
57521.0161020172145;20171016;2;57521.0
57521.0161020172200;20171016;2;57521.0
57521.0161020172215;20171016;2;57521.0
57521.0161020172230;20171016;2;57521.0
57521.0161020172245;20171016;2;57521.0
57521.0161020172300;20171016;2;57521.0
57521.0161020172315;20171016;2;57521.0
57521.0161020172330;20171016;2;57521.0
57521.0161020172345;20171016;2;57521.0
57521.0171020170000;20171017;2;57521.0
57521.0171020170015;20171017;2;57521.0
57521.0171020170030;20171017;2;57521.0
57521.0171020170045;20171017;2;57521.0
57521.0171020170100;20171017;2;57521.0
57521.0171020170115;20171017;2;57521.0
57521.0171020170130;20171017;2;57521.0
57521.0171020170145;20171017;2;57521.0
57521.0171020170200;20171017;2;57521.0
57521.0171020170215;20171017;2;57521.0
57521.0171020170230;20171017;2;57521.0
57521.0171020170245;20171017;2;57521.0
57521.0171020170300;20171017;2;57521.0
57521.0171020170315;20171017;2;57521.0
57521.0171020170330;20171017;2;57521.0
57521.0171020170345;20171017;2;57521.0
57521.0171020170400;20171017;2;57521.0
57521.0171020170415;20171017;2;57521.0
57521.0171020170430;20171017;2;57521.0
57521.0171020170445;20171017;2;57521.0
57521.0171020170500;20171017;2;57521.0
57521.0171020170515;20171017;2;57521.0
57521.0171020170530;20171017;2;57521.0
57521.0171020170545;20171017;2;57521.0
57521.0171020170600;20171017;2;57521.0
57521.0171020170615;20171017;2;57521.0
57521.0171020170630;20171017;2;57521.0
57521.0171020170645;20171017;2;57521.0
57521.0171020170700;20171017;2;57521.0
57521.0171020170715;20171017;2;57521.0
57521.0171020170730;20171017;2;57521.0
57521.0171020170745;20171017;2;57521.0
57521.0171020170800;20171017;2;57521.0
57521.0171020170815;20171017;2;57521.0
57521.0171020170830;20171017;2;57521.0
57521.0171020170845;20171017;2;57521.0
57521.0171020170900;20171017;2;57521.0
57521.0171020170915;20171017;2;57521.0
57521.0171020170930;20171017;2;57521.0
57521.0171020170945;20171017;2;57521.0
57521.0171020171000;20171017;2;57521.0
57521.0171020171015;20171017;2;57521.0
57521.0171020171030;20171017;2;57521.0
57521.0171020171045;20171017;2;57521.0
57521.0171020171100;20171017;2;57521.0
57521.0171020171115;20171017;2;57521.0
57521.0171020171130;20171017;2;57521.0
57521.0171020171145;20171017;2;57521.0
57521.0171020171200;20171017;2;57521.0
57521.0171020171215;20171017;2;57521.0
57521.0171020171230;20171017;2;57521.0
57521.0171020171245;20171017;2;57521.0
57521.0171020171300;20171017;2;57521.0
57521.0171020171315;20171017;2;57521.0
57521.0171020171330;20171017;2;57521.0
57521.0171020171345;20171017;2;57521.0
57521.0171020171400;20171017;2;57521.0
57521.0171020171415;20171017;2;57521.0
57521.0171020171430;20171017;2;57521.0
57521.0171020171445;20171017;2;57521.0
57521.0171020171500;20171017;2;57521.0
57521.0171020171515;20171017;2;57521.0
57521.0171020171530;20171017;2;57521.0
57521.0171020171545;20171017;2;57521.0
57521.0171020171600;20171017;2;57521.0
57521.0171020171615;20171017;2;57521.0
57521.0171020171630;20171017;2;57521.0
57521.0171020171645;20171017;2;57521.0
57521.0171020171700;20171017;2;57521.0
57521.0171020171715;20171017;2;57521.0
57521.0171020171730;20171017;2;57521.0
57521.0171020171745;20171017;2;57521.0
57521.0171020171800;20171017;2;57521.0
57521.0171020171815;20171017;2;57521.0
57521.0171020171830;20171017;2;57521.0
57521.0171020171845;20171017;2;57521.0
57521.0171020171900;20171017;2;57521.0
57521.0171020171915;20171017;2;57521.0
57521.0171020171930;20171017;2;57521.0
57521.0171020171945;20171017;2;57521.0
57521.0171020172000;20171017;2;57521.0
57521.0171020172015;20171017;2;57521.0
57521.0171020172030;20171017;2;57521.0
57521.0171020172045;20171017;2;57521.0
57521.0171020172100;20171017;2;57521.0
57521.0171020172115;20171017;2;57521.0
57521.0171020172130;20171017;2;57521.0
57521.0171020172145;20171017;2;57521.0
57521.0171020172200;20171017;2;57521.0
57521.0171020172215;20171017;2;57521.0
57521.0171020172230;20171017;2;57521.0
57521.0171020172245;20171017;2;57521.0
57521.0171020172300;20171017;2;57521.0
57521.0171020172315;20171017;2;57521.0
57521.0171020172330;20171017;2;57521.0
57521.0171020172345;20171017;2;57521.0
57521.0181020170000;20171018;2;57521.0
57521.0181020170015;20171018;2;57521.0
57521.0181020170030;20171018;2;57521.0
57521.0181020170045;20171018;2;57521.0
57521.0181020170100;20171018;2;57521.0
57521.0181020170115;20171018;2;57521.0
57521.0181020170130;20171018;2;57521.0
57521.0181020170145;20171018;2;57521.0
57521.0181020170200;20171018;2;57521.0
57521.0181020170215;20171018;2;57521.0
57521.0181020170230;20171018;2;57521.0
57521.0181020170245;20171018;2;57521.0
57521.0181020170300;20171018;2;57521.0
57521.0181020170315;20171018;2;57521.0
57521.0181020170330;20171018;2;57521.0
57521.0181020170345;20171018;2;57521.0
57521.0181020170400;20171018;2;57521.0
57521.0181020170415;20171018;2;57521.0
57521.0181020170430;20171018;2;57521.0
57521.0181020170445;20171018;2;57521.0
57521.0181020170500;20171018;2;57521.0
57521.0181020170515;20171018;2;57521.0
57521.0181020170530;20171018;2;57521.0
57521.0181020170545;20171018;2;57521.0
57521.0181020170600;20171018;2;57521.0
57521.0181020170615;20171018;2;57521.0
57521.0181020170630;20171018;2;57521.0
57521.0181020170645;20171018;2;57521.0
57521.0181020170700;20171018;2;57521.0
57521.0181020170715;20171018;2;57521.0
57521.0181020170730;20171018;2;57521.0
57521.0181020170745;20171018;2;57521.0
57521.0181020170800;20171018;2;57521.0
57521.0181020170815;20171018;2;57521.0
57521.0181020170830;20171018;2;57521.0
57521.0181020170845;20171018;2;57521.0
57521.0181020170900;20171018;2;57521.0
57521.0181020170915;20171018;2;57521.0
57521.0181020170930;20171018;2;57521.0
57521.0181020170945;20171018;2;57521.0
57521.0181020171000;20171018;2;57521.0
57521.0181020171015;20171018;2;57521.0
57521.0181020171030;20171018;2;57521.0
57521.0181020171045;20171018;2;57521.0
57521.0181020171100;20171018;2;57521.0
