STATIONS_ID;MESS_DATUM;QN_3;  FX;  FM;QN_4; RSK;RSKF; SDK;SHK_TAG;  NM; VPM;  PM; TMK; UPM; TXK; TNK; TGK;eor
        722;20160414;   10;  14.7;   7.0;    3;   1.5;   8;    2.300;   0;   7.0;   6.6;  878.80;    2.5;   90.25;    5.7;    1.1;   -0.9;eor
        722;20160415;   10;  22.5;  13.0;    3;   4.9;   8;    2.500;   0;   6.0;   6.8;  873.11;    3.5;   86.63;    6.3;    1.8;    0.8;eor
        722;20160416;   10;  25.7;  14.6;    3;   2.9;   8;    0.683;   0;   7.8;   7.6;  870.66;    3.1;   99.71;    4.2;    1.5;    1.7;eor
        722;20160417;   10;  14.3;   6.4;    3;   0.2;   7;    3.000;   0;   6.6;   5.4;  876.97;   -0.4;   91.25;    3.2;   -2.0;   -3.5;eor
        722;20160418;   10;  19.3;   8.7;    3;   0.0;   7;   10.933;   0;   3.9;   4.5;  885.22;    0.5;   73.50;    4.1;   -2.6;   -4.7;eor
        722;20160419;   10;  19.0;  11.5;    3;   0.8;   7;    1.883;   0;   6.8;   5.4;  888.48;    0.3;   87.63;    3.7;   -2.5;   -2.2;eor
        722;20160420;   10;  17.0;   8.3;    3;   0.0;   0;   10.367;   0;   3.7;   4.9;  893.59;    0.5;   79.54;    5.7;   -3.2;   -6.4;eor
        722;20160421;   10;  12.4;   4.0;    3;   0.0;   0;   13.367;   0;   1.0;   5.2;  890.81;    4.8;   58.33;   10.1;   -0.6;   -5.3;eor
        722;20160422;   10;  16.9;   7.1;    3;   0.0;   0;    9.617;   0;   5.1;   4.8;  884.43;    1.2;   75.25;    6.4;   -2.0;   -2.7;eor
        722;20160423;   10;  16.7;   7.3;    3;   0.6;   7;    0.700;   0;   7.1;   4.3;  877.23;   -2.8;   86.50;    0.0;   -5.0;   -4.7;eor
        722;20160424;   10;  18.1;  10.1;    3;   3.8;   7;    3.317;   0;   7.4;   4.0;  875.26;   -4.5;   92.83;   -1.1;   -5.7;   -5.7;eor
        722;20160425;   10;  23.6;  12.1;    3;  10.8;   7;    2.817;   4;   7.7;   4.2;  871.51;   -4.1;   93.08;   -1.3;   -5.7;   -5.5;eor
        722;20160426;   10;-999;-999;    3;   6.6;   7;    2.067;  13;   7.8;   4.3;  864.19;   -4.3;   96.88;   -2.8;   -6.1;   -5.3;eor
        722;20160427;   10;-999;-999;    3;  17.7;   7;    0.083;  18;   8.0;   4.6;  868.07;   -3.6;   97.00;   -2.4;   -4.4;   -4.2;eor
        722;20160428;   10;-999;-999;    3;   0.3;   7;    4.583;  32;   6.0;   4.9;  878.35;   -2.7;   96.33;   -0.5;   -4.3;   -4.4;eor
        722;20160429;   10;  22.6;-999;    3;   0.0;   0;    7.000;  30;   5.0;   4.9;  882.22;   -0.4;   83.79;    2.5;   -3.3;   -3.8;eor
        722;20160430;   10;  14.3;   7.9;    3;   0.4;   6;    2.583;  25;   7.2;   5.6;  884.94;    2.5;   77.96;    6.9;    0.1;   -0.3;eor
        722;20160501;   10;  16.1;  10.4;    3;   0.0;   0;   10.800;  18;   6.0;   6.6;  890.03;    3.3;   85.63;    6.7;   -0.2;   -0.2;eor
        722;20160502;   10;  13.8;   6.2;    3;   0.0;   0;   14.167;  13;   1.0;   5.9;  890.92;    7.0;   59.29;   10.6;    2.6;    0.8;eor
        722;20160503;   10;  20.3;   9.4;    3;   1.0;   8;    1.800;  10;   7.5;   6.8;  887.19;    3.2;   89.71;    8.0;   -1.3;   -0.9;eor
        722;20160504;   10;  19.7;   8.5;    3;   0.1;   6;    8.300;   0;   4.9;   5.2;  893.33;    0.9;   81.50;    4.2;   -1.7;   -1.8;eor
        722;20160505;   10;  17.2;   7.0;    3;   0.0;   0;   12.383;   0;   1.8;   6.5;  893.18;    5.2;   72.58;    8.8;    0.9;   -1.7;eor
        722;20160506;   10;  17.5;  10.5;    3;   0.0;   0;   14.583;   0;   2.1;   7.8;  887.83;   10.0;   65.25;   14.2;    5.9;    4.8;eor
        722;20160507;   10;  20.8;  11.0;    3;   0.0;   0;   14.883;   0;   0.2;   6.9;  885.68;   11.3;   52.21;   14.2;    8.8;    6.8;eor
        722;20160508;   10;  21.7;  13.8;    3;   0.0;   0;   14.150;   0;   0.8;   7.8;  886.56;   10.1;   63.17;   12.8;    7.6;    6.6;eor
        722;20160509;   10;  20.9;  13.3;    3;   0.0;   0;   13.967;   0;   1.3;   9.0;  887.16;   10.4;   71.58;   13.5;    7.5;    6.3;eor
        722;20160510;   10;  16.3;  10.0;    3;   0.0;   0;   11.900;   0;   4.0;   8.9;  883.79;   11.4;   66.13;   14.4;    9.1;    7.7;eor
        722;20160511;   10;  20.1;  11.8;    3;   0.0;   0;   13.717;   0;   3.8;   8.6;  879.42;   11.3;   64.75;   13.6;    8.8;    7.3;eor
        722;20160512;   10;  19.6;  12.5;    3;   0.1;   6;   10.267;   0;   4.5;   9.2;  874.18;   10.8;   71.79;   13.7;    7.6;    7.8;eor
        722;20160513;   10;  17.7;   8.8;    3;   0.5;   7;   10.000;   0;   4.6;   8.3;  873.15;    8.6;   75.04;   12.0;    3.4;    2.2;eor
        722;20160514;   10;  23.0;  11.2;    3;   6.0;   7;    2.567;   0;   6.5;   5.1;  875.64;    0.2;   83.33;    4.4;   -2.4;   -2.0;eor
        722;20160515;   10;  23.1;  13.0;    3;   6.2;   7;    1.233;   2;   7.8;   5.5;  880.41;   -1.3;   98.79;    0.2;   -2.3;   -2.0;eor
        722;20160516;   10;  18.4;  10.0;    3;   1.2;   7;    1.933;   2;   7.5;   5.5;  883.07;   -0.6;   94.54;    1.4;   -1.9;   -1.6;eor
        722;20160517;   10;  21.1;  11.8;    3;   0.2;   8;    0.583;   1;   7.4;   6.7;  882.58;    2.0;   94.71;    5.1;   -0.8;   -0.4;eor
        722;20160518;   10;  14.5;   8.2;    3;   0.1;   6;    0.083;   0;   6.5;   7.2;  880.57;    5.8;   78.42;    8.1;    3.0;    1.8;eor
        722;20160519;   10;  10.4;   5.4;    3;   4.2;   6;    2.767;   0;   6.9;   8.1;  880.87;    8.1;   75.38;   11.8;    6.0;    4.2;eor
        722;20160520;   10;  17.7;  11.3;    3;   0.0;   6;    5.083;   0;   6.3;   8.7;  886.19;    7.2;   86.63;    9.7;    5.0;    4.1;eor
        722;20160521;   10;  15.3;   9.1;    3;   0.0;   0;    9.700;   0;   7.1;   9.6;  886.73;   10.0;   79.54;   14.0;    6.6;    6.7;eor
        722;20160522;   10;  21.2;  12.6;    3;   2.1;   6;   13.817;   0;   6.5;   9.8;  881.77;   14.4;   60.67;   19.1;    9.9;    9.2;eor
        722;20160523;   10;  19.2;   6.7;    3;  17.1;   6;    3.800;   0;   7.4;  10.9;  880.31;    9.9;   89.25;   13.3;    8.0;    7.7;eor
        722;20160524;   10;  17.2;   8.5;    3;   2.1;   6;    0.450;   0;   7.6;   9.8;  881.25;    6.7;   99.29;    8.7;    4.8;    3.9;eor
        722;20160525;   10;   9.5;   3.9;    3;   0.4;   6;    4.017;   0;   5.9;  10.1;  883.71;    8.2;   92.75;   11.8;    5.4;    5.3;eor
        722;20160526;   10;   9.8;   4.4;    3;   0.2;   6;    3.650;   0;   6.9;   8.7;  885.99;    8.1;   82.08;   11.6;    5.0;    2.0;eor
        722;20160527;   10;   8.7;   4.0;    3;   2.0;   6;    1.717;   0;   6.4;   9.8;  886.66;    9.6;   82.50;   13.2;    7.6;    3.8;eor
        722;20160528;   10;  11.7;   5.6;    3;  18.9;   6;    1.917;   0;   6.6;  11.2;  884.83;   10.5;   87.25;   14.6;    7.4;    7.0;eor
        722;20160529;   10;  15.0;   7.1;    3;   0.3;   6;    5.083;   0;   7.7;  14.1;  879.67;   12.7;   95.75;   16.1;   10.1;   10.2;eor
        722;20160530;   10;  16.4;   9.5;    3;   0.3;   6;    5.050;   0;   6.9;  13.9;  876.85;   12.5;   96.00;   14.1;   10.0;    9.4;eor
        722;20160531;   10;  11.8;   4.6;    3;   8.4;   6;    7.750;   0;   5.7;  12.3;  881.98;   12.3;   85.96;   16.3;    9.1;    7.7;eor
        722;20160601;   10;  10.2;   5.0;    3;  34.0;   6;    0.150;   0;   6.8;  13.3;  882.30;   11.5;   98.00;   13.4;   10.4;    8.6;eor
        722;20160602;   10;  10.8;   5.6;    3;  45.2;   8;    2.633;   0;   5.1;  12.2;  882.35;   11.2;   91.54;   15.1;    9.0;    8.4;eor
        722;20160603;   10;  16.8;   8.7;    3;   0.0;   0;    4.817;   0;   5.9;  12.2;  883.37;   12.5;   84.58;   15.4;   10.7;    8.7;eor
        722;20160604;   10;  15.7;   7.8;    3;   0.0;   0;   12.867;   0;   4.3;  11.4;  885.10;   13.7;   72.92;   16.6;   11.1;    8.7;eor
        722;20160605;   10;  10.4;   5.5;    3;   0.0;   0;   12.950;   0;   3.1;  12.1;  888.92;   15.3;   69.46;   17.8;   13.5;    8.8;eor
        722;20160606;   10;  12.1;   5.9;    3;   0.0;   0;   14.617;   0;   1.5;  12.3;  892.14;   14.8;   72.50;   17.6;   12.4;    7.4;eor
        722;20160607;   10;   8.7;   4.1;    3;   3.4;   6;    9.900;   0;   4.5;   9.7;  893.09;   14.9;   57.58;   17.9;   11.9;    7.2;eor
        722;20160608;   10;  20.5;   7.0;    3;   0.5;   6;   11.050;   0;   4.5;  10.8;  888.89;   12.6;   75.83;   18.0;    5.6;    6.0;eor
        722;20160609;   10;  15.4;   6.8;    3;   0.2;   6;    5.717;   0;   7.0;   9.7;  886.21;    7.9;   91.38;   12.7;    3.9;    2.7;eor
        722;20160610;   10;  15.4;   7.8;    3;   0.0;   0;    8.367;   0;   6.1;   6.9;  882.41;    9.1;   61.13;   14.4;    5.2;    3.0;eor
        722;20160611;   10;   7.0;   3.5;    3;   0.4;   6;    2.033;   0;   7.0;   9.8;  881.80;    8.5;   87.92;   11.2;    6.2;    5.6;eor
        722;20160612;   10;   5.8;   3.2;    3;  23.4;   6;    0.017;   0;   7.7;  10.6;  879.60;    9.3;   90.25;   11.7;    8.3;    6.7;eor
        722;20160613;   10;  10.3;   5.1;    3;   8.0;   6;    0.967;   0;   7.6;  11.0;  873.65;    9.0;   95.33;   11.3;    7.9;    7.0;eor
        722;20160614;   10;  13.9;   8.2;    3;   3.7;   6;    2.533;   0;   7.4;  10.7;  871.34;    8.6;   95.25;   11.4;    7.4;    7.1;eor
        722;20160615;   10;  15.8;   7.4;    3;   6.5;   6;    3.367;   0;   7.2;  10.1;  871.96;    7.9;   95.21;   11.9;    6.1;    5.5;eor
        722;20160616;   10;  15.5;   6.0;    3;   3.8;   6;    4.183;   0;   7.3;   9.9;  874.63;    8.5;   89.63;   11.6;    5.8;    5.9;eor
        722;20160617;   10;  20.7;   9.7;    3;   2.5;   6;    0.883;   0;   7.8;  10.6;  875.94;    8.0;   99.08;   10.3;    6.6;    6.3;eor
        722;20160618;   10;  16.2;   9.8;    3;   2.3;   6;    5.967;   0;   7.0;  10.3;  884.39;    8.3;   94.38;   11.8;    6.5;    6.5;eor
        722;20160619;   10;  14.9;   7.1;    3;   3.5;   6;    1.233;   0;   6.8;   9.7;  890.20;    7.0;   96.13;    8.9;    5.2;    2.0;eor
        722;20160620;   10;  25.7;  10.8;    3;   6.9;   6;   11.950;   0;   4.4;   9.0;  888.74;    8.5;   81.42;   12.5;    4.7;    0.6;eor
        722;20160621;   10;  22.1;  10.9;    3;   0.8;   6;    3.983;   0;   7.1;  12.2;  889.21;   10.7;   94.96;   13.8;    8.0;    8.2;eor
        722;20160622;   10;  13.4;   6.9;    3;   0.2;   6;    3.650;   0;   5.9;  14.1;  894.11;   13.9;   89.25;   17.8;   11.1;   11.1;eor
        722;20160623;   10;  16.5;  10.3;    3;   0.0;   0;   15.800;   0;   0.9;  14.8;  893.35;   19.3;   67.83;   23.5;   14.1;   12.5;eor
        722;20160624;   10;  24.7;   7.0;    3;   3.4;   6;   10.033;   0;   3.5;  15.2;  890.58;   20.4;   63.17;   24.8;   14.6;   12.0;eor
        722;20160625;   10;  20.4;   6.0;    3;  19.9;   8;    3.750;   0;   7.0;  15.0;  884.69;   14.5;   90.71;   18.8;    7.3;    7.7;eor
        722;20160626;   10;  20.6;  10.4;    3;   0.0;   0;    7.483;   0;   6.1;   9.6;  886.42;    8.8;   85.21;   12.7;    6.1;    6.3;eor
        722;20160627;   10;  16.1;   9.6;    3;   2.2;   6;    6.100;   0;   6.6;  10.1;  887.53;    8.9;   89.13;   12.6;    6.0;    5.8;eor
        722;20160628;   10;  19.0;   7.1;    3;   4.6;   6;    7.967;   0;   6.0;  10.0;  886.83;    9.5;   85.08;   14.0;    5.6;    6.5;eor
        722;20160629;   10;  22.7;  11.7;    3;   4.0;   8;    5.900;   0;   7.1;  10.9;  882.65;   10.7;   85.50;   13.3;    8.8;    8.9;eor
        722;20160630;   10;  20.3;  11.9;    3;   0.3;   6;    2.167;   0;   6.9;  11.4;  884.07;   10.6;   88.92;   13.1;    8.3;    8.0;eor
        722;20160701;   10;  23.6;  15.1;    3;   0.5;   6;    4.117;   0;   7.0;  13.3;  884.76;   12.3;   93.00;   15.5;   10.3;   10.6;eor
        722;20160702;   10;  24.9;  13.4;    3;   5.8;   6;    1.883;   0;   6.9;  10.8;  883.32;    8.2;   98.46;   11.9;    4.6;    3.8;eor
        722;20160703;   10;  18.2;  10.3;    3;   2.6;   8;    9.100;   0;   5.1;   8.6;  887.98;    6.8;   88.08;   10.9;    4.5;    4.1;eor
        722;20160704;   10;  12.8;   6.5;    3;   0.0;   0;    5.133;   0;   5.2;   9.1;  890.11;    9.8;   76.25;   14.7;    5.8;    4.7;eor
        722;20160705;   10;  26.1;  12.7;    3;   1.5;   6;    2.967;   0;   7.2;  11.9;  884.34;   10.3;   95.13;   13.7;    5.4;    5.8;eor
        722;20160706;   10;  23.0;  12.8;    3;   0.0;   6;    4.117;   0;   6.8;   8.8;  886.36;    6.8;   89.75;    9.9;    4.4;    4.8;eor
        722;20160707;   10;  13.0;   7.0;    3;   0.0;   0;   10.667;   0;   6.3;   8.9;  890.04;    9.7;   75.63;   14.5;    4.9;    5.1;eor
        722;20160708;   10;  25.8;  13.6;    3;   0.3;   6;    0.867;   0;   7.3;  11.1;  886.41;   12.1;   78.96;   15.4;    9.0;    9.0;eor
        722;20160709;   10;  22.2;  11.8;    3;   0.0;   0;    7.183;   0;   6.8;  11.1;  887.89;   11.2;   84.17;   14.6;    7.7;    7.9;eor
        722;20160710;   10;  20.6;  12.3;    3;   0.0;   0;   11.350;   0;   6.4;  14.5;  885.47;   16.2;   79.00;   20.2;   12.1;   11.2;eor
        722;20160711;   10;  20.4;  11.7;    3;   0.0;   0;    2.317;   0;   7.3;  13.8;  882.11;   14.6;   82.88;   17.5;   11.1;   10.6;eor
        722;20160712;   10;  16.0;   7.9;    3;   0.0;   6;    5.367;   0;   6.6;  10.2;  883.44;   11.8;   74.46;   15.6;    9.1;    7.9;eor
        722;20160713;   10;  13.2;   5.9;    3;   1.7;   6;    4.650;   0;   6.8;  10.3;  883.24;   10.7;   81.08;   14.3;    6.8;    6.5;eor
        722;20160714;   10;  20.2;  10.6;    3;  10.1;   6;    2.967;   0;   7.5;   9.2;  884.95;    6.8;   93.13;   10.4;    4.6;    5.3;eor
        722;20160715;   10;  19.3;  11.4;    3;   1.8;   6;    2.233;   0;   6.2;   9.4;  890.60;    6.6;   96.33;    8.1;    5.6;    5.5;eor
        722;20160716;   10;  17.9;   8.9;    3;   3.7;   6;    5.050;   0;   5.9;  11.7;  893.00;   10.6;   91.00;   13.6;    7.0;    6.1;eor
        722;20160717;   10;  19.3;  10.0;    3;   5.4;   6;    3.433;   0;   7.4;  13.6;  890.83;   12.8;   91.67;   15.8;    9.6;    8.0;eor
        722;20160718;   10;  18.1;   9.5;    3;   0.0;   0;    7.950;   0;   4.8;  11.4;  891.43;   12.5;   78.96;   16.5;    8.2;    7.8;eor
        722;20160719;   10;  10.7;   5.0;    3;   0.0;   0;   14.833;   0;   1.9;  13.2;  893.13;   15.9;   73.50;   20.7;   12.4;    8.9;eor
        722;20160720;   10;  14.4;   5.5;    3;   0.0;   6;   14.233;   0;   1.8;  13.2;  890.07;   18.1;   65.88;   23.9;   13.4;   10.7;eor
        722;20160721;   10;  11.6;   6.5;    3;   0.0;   0;    4.117;   0;   6.8;  15.0;  887.34;   17.9;   73.17;   21.6;   16.0;   12.0;eor
        722;20160722;   10;  13.0;   5.0;    3;   1.1;   6;    3.867;   0;   5.6;  14.4;  889.34;   16.7;   75.79;   21.7;   13.2;    6.9;eor
        722;20160723;   10;  10.6;   6.2;    3;   0.0;   6;    1.383;   0;   7.4;  10.8;  890.38;   15.7;   60.83;   18.2;   14.2;   11.3;eor
        722;20160724;   10;   9.5;   3.5;    3;   0.0;   0;    3.833;   0;   5.9;  13.3;  891.19;   16.7;   69.71;   19.0;   15.1;    7.0;eor
        722;20160725;   10;  10.1;   3.7;    3;   3.3;   6;    3.533;   0;   6.8;  14.4;  890.78;   17.4;   72.67;   21.4;   13.7;    8.1;eor
        722;20160726;   10;   9.5;   4.6;    3;   6.5;   6;    6.517;   0;   7.1;  14.5;  891.33;   15.0;   85.08;   19.1;   12.7;    9.7;eor
        722;20160727;   10;  15.7;   7.5;    3;   0.2;   6;    6.100;   0;   6.0;  13.4;  887.95;   14.3;   82.67;   17.5;   10.6;    9.5;eor
        722;20160728;   10;  19.1;   9.0;    3;   4.9;   6;    1.883;   0;   7.2;  13.2;  886.57;   12.0;   94.50;   15.7;   10.3;    9.5;eor
        722;20160729;   10;  17.8;  10.2;    3;   2.6;   6;    2.783;   0;   7.6;  13.3;  883.87;   11.5;   97.63;   13.9;    9.8;   10.0;eor
        722;20160730;   10;  17.5;   8.8;    3;   0.3;   6;    4.267;   0;   6.5;  12.3;  883.97;   11.8;   89.71;   15.2;    9.6;    8.1;eor
        722;20160731;   10;  15.4;   7.0;    3;   9.5;   6;    2.367;   0;   6.7;  11.9;  883.91;   11.2;   89.42;   15.5;    7.0;    6.8;eor
        722;20160801;   10;  20.0;  10.2;    3;   3.3;   6;    3.417;   0;   6.9;   9.8;  887.33;    8.3;   90.08;   11.8;    5.7;    6.3;eor
        722;20160802;   10;  17.6;   9.5;    3;   5.3;   6;    0.000;   0;   7.8;  10.8;  885.41;    8.8;   95.17;   10.8;    7.1;    6.7;eor
        722;20160803;   10;  24.4;  15.0;    3;   8.0;   6;    0.000;   0;   8.0;  14.3;  882.70;   12.2;  100.00;   13.3;   10.8;   11.0;eor
        722;20160804;   10;  25.8;  13.5;    3;   4.6;   6;    0.000;   0;   7.9;  12.8;  882.35;   10.6;   99.54;   12.8;    8.4;    8.5;eor
        722;20160805;   10;  14.0;   8.7;    3;   0.2;   6;    4.000;   0;   7.4;  11.7;  886.89;   10.2;   94.50;   13.8;    8.5;    8.4;eor
        722;20160806;   10;  15.7;   9.3;    3;   1.1;   6;    1.500;   0;   7.3;  11.4;  893.44;    9.8;   94.58;   13.0;    8.1;    8.3;eor
        722;20160807;   10;  16.4;   9.8;    3;   0.1;   6;   11.367;   0;   5.1;  10.9;  894.81;   12.6;   76.67;   16.8;    7.5;    7.9;eor
        722;20160808;   10;  23.2;  12.4;    3;   0.2;   6;    5.633;   0;   6.1;  12.9;  888.73;   12.2;   91.00;   16.1;    6.6;    5.9;eor
        722;20160809;   10;  13.6;   7.5;    3;   2.5;   6;    4.250;   0;   6.8;   8.9;  888.37;    7.2;   88.58;   11.6;    4.5;    3.8;eor
        722;20160810;   10;  14.6;   7.3;    3;   3.1;   8;    3.117;   0;   6.5;   7.9;  887.59;    4.6;   93.46;    7.8;    3.0;    2.2;eor
        722;20160811;   10;  22.2;  11.6;    3;   2.4;   6;    1.067;   0;   7.8;   7.8;  888.86;    4.8;   90.75;    7.0;    2.8;    2.8;eor
        722;20160812;   10;  17.0;  10.3;    3;  11.2;   6;    0.000;   0;   8.0;  12.5;  890.52;   10.1;  100.00;   12.5;    6.2;    6.5;eor
        722;20160813;   10;  22.0;  12.8;    3;   0.4;   6;    8.133;   0;   6.7;  13.3;  891.48;   12.7;   91.21;   17.5;   10.1;    9.7;eor
        722;20160814;   10;  13.4;   6.9;    3;   0.2;   6;    4.017;   0;   6.4;  11.3;  892.41;   10.6;   88.92;   13.7;    8.3;    5.6;eor
        722;20160815;   10;   9.5;   4.3;    3;   0.0;   0;    6.650;   0;   5.8;  10.1;  892.84;    9.5;   85.21;   13.3;    7.2;    4.4;eor
        722;20160816;   10;  12.4;   4.5;    3;   0.0;   0;    6.233;   0;   4.9;   9.5;  889.04;    9.9;   78.08;   14.5;    6.9;    4.3;eor
        722;20160817;   10;   9.4;   4.7;    3;   0.0;   0;   11.650;   0;   2.7;   8.9;  885.42;    9.2;   77.42;   13.4;    4.8;    3.9;eor
        722;20160818;   10;   7.8;   3.0;    3;   0.0;   0;   11.967;   0;   1.9;   9.1;  882.10;   11.3;   68.38;   17.9;    7.3;   -1.1;eor
        722;20160819;   10;  17.4;   4.9;    3;   6.6;   6;    9.917;   0;   3.2;  10.6;  882.95;   14.3;   64.83;   18.4;   10.2;    1.5;eor
        722;20160820;   10;  20.3;  11.4;    3;   2.2;   6;    2.200;   0;   7.6;  13.5;  884.03;   11.6;   98.25;   13.8;    9.1;    8.5;eor
        722;20160821;   10;  18.7;  11.9;    3;   2.2;   6;    4.033;   0;   6.2;  11.1;  887.26;    9.2;   95.63;   11.5;    8.0;    8.1;eor
        722;20160822;   10;  15.2;  10.2;    3;   1.1;   6;    1.350;   0;   7.5;  11.9;  894.02;    9.9;   97.88;   11.3;    8.5;    9.1;eor
        722;20160823;   10;  13.0;   5.7;    3;   0.4;   6;    4.233;   0;   5.8;  14.5;  897.36;   13.9;   91.21;   18.6;   10.4;   10.6;eor
        722;20160824;   10;   8.4;   5.0;    3;   0.0;   0;   13.783;   0;   0.6;  14.3;  896.53;   17.8;   71.71;   22.9;   13.3;   11.3;eor
        722;20160825;   10;  15.0;   9.4;    3;   0.0;   0;   13.883;   0;   0.0;  11.1;  892.71;   20.0;   49.21;   24.1;   16.5;   13.5;eor
        722;20160826;   10;  15.8;   6.7;    3;   0.0;   0;   13.483;   0;   0.7;  11.4;  891.25;   21.9;   44.17;   28.1;   17.9;    9.5;eor
        722;20160827;   10;  11.8;   4.5;    3;   0.0;   0;    9.267;   0;   1.0;  14.5;  892.40;   21.7;   55.75;   24.7;   19.3;    9.0;eor
        722;20160828;   10;  26.4;  11.1;    3;   2.0;   6;    9.400;   0;   4.6;  13.6;  887.52;   19.6;   61.50;   24.3;   11.6;   10.9;eor
        722;20160829;   10;  22.6;  11.5;    3;   1.2;   6;    0.750;   0;   7.3;  12.2;  888.17;   10.2;   97.79;   12.7;    7.1;    7.3;eor
        722;20160830;   10;  12.1;   5.4;    3;   0.0;   0;   13.283;   0;   3.0;   8.8;  894.71;   10.2;   71.83;   14.6;    5.9;    3.9;eor
        722;20160831;   10;  13.8;   6.3;    3;   0.0;   0;   13.283;   0;   0.4;   9.1;  892.66;   13.6;   59.50;   18.5;    9.4;    6.6;eor
        722;20160901;   10;  11.7;   6.3;    3;   0.0;   0;    9.033;   0;   4.3;  11.4;  892.12;   13.7;   72.67;   17.1;   11.0;    8.8;eor
        722;20160902;   10;  13.5;   7.3;    3;   0.0;   0;   10.600;   0;   5.4;  10.8;  890.88;   13.1;   72.67;   18.0;    9.4;    7.7;eor
        722;20160903;   10;  16.1;   9.2;    3;   0.0;   6;    7.067;   0;   6.3;  11.6;  888.12;   13.3;   76.04;   16.4;    9.9;    8.6;eor
        722;20160904;   10;  24.8;  14.4;    3;  14.0;   6;    0.150;   0;   7.4;  12.4;  881.85;   10.8;   95.88;   14.0;    8.0;    8.3;eor
        722;20160905;   10;  20.9;  10.6;    3;   5.4;   6;    0.000;   0;   8.0;  11.7;  886.92;    9.3;  100.00;   10.7;    7.6;    7.9;eor
        722;20160906;   10;   9.1;   3.6;    3;   0.0;   0;    5.933;   0;   4.0;  12.2;  896.28;   11.7;   89.04;   16.2;    8.8;    3.5;eor
        722;20160907;   10;  15.4;   5.8;    3;   0.0;   0;   13.033;   0;   2.0;   9.5;  893.15;   15.7;   53.13;   19.6;   10.2;    0.3;eor
        722;20160908;   10;  13.6;   8.3;    3;   0.0;   0;   12.667;   0;   2.0;  13.5;  886.39;   16.9;   70.83;   20.6;   13.8;   11.7;eor
        722;20160909;   10;  11.4;   4.5;    3;   0.2;   6;    3.733;   0;   3.3;  14.6;  889.09;   14.4;   89.08;   17.7;   12.3;    7.3;eor
        722;20160910;   10;  10.8;   5.8;    3;   0.0;   0;    9.950;   0;   1.3;  14.0;  889.46;   16.4;   76.08;   20.2;   12.6;   10.9;eor
        722;20160911;   10;  12.1;   4.6;    3;   0.0;   0;    8.983;   0;   1.9;  13.1;  890.44;   16.7;   69.33;   20.7;   14.4;   10.1;eor
        722;20160912;   10;  12.3;   7.0;    3;   0.0;   0;   11.850;   0;   0.8;  12.8;  891.76;   19.1;   59.04;   23.1;   14.6;   12.6;eor
        722;20160913;   10;  14.2;   7.2;    3;   0.0;   0;   11.683;   0;   0.2;  12.7;  890.31;   19.9;   54.54;   23.7;   16.9;   15.0;eor
        722;20160914;   10;  17.7;   8.4;    3;   0.0;   0;    9.467;   0;   0.8;  11.9;  888.80;   17.9;   58.46;   20.9;   14.4;   12.9;eor
        722;20160915;   10;  15.2;   9.0;    3;   0.1;   6;   11.950;   0;   0.7;  11.0;  886.32;   15.5;   62.83;   18.5;   13.0;   11.3;eor
        722;20160916;   10;  10.0;   5.3;    3;  13.9;   6;    0.233;   0;   7.2;  12.9;  884.75;   13.5;   83.88;   17.2;   10.8;   10.3;eor
        722;20160917;   10;  19.7;  10.9;    3;  23.7;   6;    0.000;   0;   8.0;  12.3;  884.27;   10.0;  100.00;   11.1;    8.7;    9.3;eor
        722;20160918;   10;  17.4;  10.3;    3;   0.8;   6;    0.883;   0;   7.5;  10.6;  884.94;    7.9;   99.25;   10.1;    6.3;    6.7;eor
        722;20160919;   10;  13.7;   8.2;    3;   0.3;   6;    0.000;   0;   7.9;   9.3;  887.00;    6.2;   97.96;    7.4;    5.6;    5.4;eor
        722;20160920;   10;  11.5;   5.8;    3;   0.1;   6;    4.900;   0;   5.8;   8.0;  888.24;    5.8;   86.13;    7.3;    4.4;    2.0;eor
        722;20160921;   10;   8.9;   3.7;    3;   0.3;   6;    4.483;   0;   6.1;   9.4;  889.50;    7.8;   88.00;   11.6;    5.2;   -0.3;eor
        722;20160922;   10;   6.6;   2.8;    3;   0.0;   0;    2.483;   0;   5.7;  10.3;  891.21;    9.1;   89.33;   13.0;    7.3;    1.1;eor
        722;20160923;   10;  11.8;   6.8;    3;   0.0;   0;    7.450;   0;   5.1;  10.0;  893.04;   10.2;   80.50;   14.5;    8.1;    5.2;eor
        722;20160924;   10;  12.3;   7.0;    3;   0.2;   6;    7.583;   0;   5.2;  10.1;  894.04;    9.9;   82.83;   13.2;    6.6;    4.8;eor
        722;20160925;   10;  15.9;   8.6;    3;   0.1;   6;   10.617;   0;   3.3;   9.9;  890.41;   11.7;   71.96;   14.8;    9.3;    7.1;eor
        722;20160926;   10;  11.4;   5.4;    3;   0.2;   6;    0.450;   0;   7.3;  11.7;  891.90;    9.6;   98.17;   12.0;    8.5;    8.3;eor
        722;20160927;   10;  17.1;   5.5;    3;   0.1;   6;    4.233;   0;   5.7;  11.3;  894.80;   10.5;   89.00;   14.0;    8.2;    8.2;eor
        722;20160928;   10;  26.7;  17.1;    3;   0.0;   6;    0.367;   0;   6.9;  11.2;  891.94;    9.5;   94.33;   10.8;    7.7;    7.3;eor
        722;20160929;   10;  25.8;  18.1;    3;   3.0;   6;    5.317;   0;   6.6;  11.2;  885.79;   11.5;   83.29;   14.8;    9.2;    8.4;eor
        722;20160930;   10;  19.1;  10.0;    3;   1.9;   6;    1.383;   0;   7.2;   9.8;  883.34;    7.2;   96.42;    9.8;    5.4;    4.0;eor
        722;20161001;   10;  17.4;   9.8;    3;  13.5;   6;    0.000;   0;   7.7;  10.0;  879.86;    7.1;   99.13;    9.2;    4.6;    5.3;eor
        722;20161002;   10;  19.1;  11.5;    3;  14.1;   6;    2.467;   0;   7.4;   8.8;  880.68;    5.4;   97.83;    7.3;    3.9;    4.2;eor
        722;20161003;   10;  17.6;   9.2;    3;  34.3;   6;    0.017;   0;   8.0;   8.6;  889.22;    4.8;  100.00;    6.0;    3.4;    3.8;eor
        722;20161004;   10;  25.8;  15.7;    3;   1.4;   1;    3.767;   0;   7.4;   8.1;  897.77;    4.0;   98.54;    5.9;    0.7;    1.2;eor
        722;20161005;   10;  23.4;  13.5;    3;   9.5;   8;    0.000;   0;   8.0;   6.4;  895.81;    0.6;  100.00;    1.6;   -0.5;    0.1;eor
        722;20161006;   10;  22.1;  14.3;    3;  41.5;   6;    0.000;   0;   8.0;   7.5;  887.75;    2.8;  100.00;    4.8;    0.4;    0.7;eor
        722;20161007;   10;  15.8;   9.3;    3;  10.3;   8;    0.050;   0;   8.0;   7.5;  886.90;    2.8;  100.00;    3.9;    0.6;    0.6;eor
        722;20161008;   10;  17.2;   9.4;    3;   6.2;   8;    0.000;   0;   8.0;   6.7;  888.29;    1.2;  100.00;    1.9;    0.4;    0.1;eor
        722;20161009;   10;  14.9;   6.6;    3;   3.2;   8;    0.000;   0;   8.0;   6.4;  889.55;    0.6;  100.00;    1.5;   -0.3;    0.1;eor
        722;20161010;   10;   7.4;   3.7;    3;   1.1;   7;    0.067;   0;   7.3;   6.6;  889.49;    1.2;   98.96;    2.5;    0.3;   -1.2;eor
        722;20161011;   10;  14.5;   6.2;    3;  13.5;   8;    0.000;   0;   7.7;   6.5;  886.34;    0.9;  100.00;    1.9;   -0.1;   -0.9;eor
        722;20161012;   10;  16.9;  10.4;    3;  10.7;   8;    0.000;   0;   8.0;   6.0;  886.17;   -0.2;  100.00;    0.4;   -0.9;   -0.3;eor
        722;20161013;   10;  18.0;  11.0;    3;   4.8;   6;    0.000;   0;   8.0;   6.2;  885.07;    0.1;  100.00;    0.6;   -0.4;   -0.1;eor
        722;20161014;   10;  19.5;  12.4;    3;   0.6;   4;    4.800;   0;   7.5;   6.5;  879.77;    2.4;   90.67;   11.7;   -0.8;   -0.5;eor
        722;20161015;   10;  19.8;  10.9;    3;   0.7;   6;    0.067;   0;   7.8;   9.3;  881.68;    6.1;   98.46;    8.5;    3.9;    3.9;eor
        722;20161016;   10;  11.7;   5.3;    3;   0.5;   6;   10.183;   0;   2.7;   9.2;  890.42;    6.9;   93.42;   10.9;    4.5;   -0.4;eor
        722;20161017;   10;  15.3;   8.8;    3;   0.2;   6;    0.400;   0;   6.9;  10.3;  890.58;    7.6;   98.50;    8.4;    6.8;    5.2;eor
        722;20161018;   10;  20.6;   9.2;    3;   8.4;   8;    3.867;   0;   6.8;   8.8;  887.54;    5.4;   97.79;    7.4;    3.5;    3.7;eor
        722;20161019;   10;  25.0;  13.1;    3;  17.0;   8;    0.017;   0;   8.0;   6.4;  878.95;    0.6;  100.00;    3.2;   -0.9;   -0.5;eor
        722;20161020;   10;  18.6;   7.0;    3;   6.4;   8;    0.000;   3;   8.0;   6.0;  878.87;   -0.4;  100.00;   -0.1;   -0.9;   -0.7;eor
        722;20161021;   10;  12.9;   7.4;    3;  15.3;   7;    0.000;   4;   8.0;   5.9;  878.97;   -0.6;  100.00;   -0.1;   -1.5;   -1.4;eor
        722;20161022;   10;  10.5;   3.5;    3;   0.6;   8;    0.000;  16;   8.0;   5.6;  879.42;   -1.1;   99.83;   -0.3;   -2.0;   -2.5;eor
        722;20161023;   10;  10.8;   4.9;    3;   0.2;   6;    0.533;  14;   7.5;   5.7;  881.28;   -0.8;   98.00;    1.3;   -2.4;   -4.2;eor
        722;20161024;   10;   8.6;   5.3;    3;  14.5;   6;    0.000;  10;   7.8;   7.3;  882.66;    3.5;   92.79;    5.8;    1.3;    0.0;eor
        722;20161025;   10;  12.5;   5.3;    3;   2.5;   6;    0.000;   0;   7.4;   8.2;  888.28;    4.1;   99.63;    5.9;    1.0;   -1.0;eor
        722;20161026;   10;  13.7;   5.8;    3;   1.3;   6;    0.000;   0;   8.0;   6.7;  893.73;    1.2;   99.92;    1.9;    0.7;    0.0;eor
        722;20161027;   10;  22.9;  10.8;    3;   1.3;   6;    0.000;   0;   8.0;   8.2;  896.56;    4.1;   99.46;    5.1;    1.1;   -0.1;eor
        722;20161028;   10;  26.3;  15.8;    3;   4.8;   6;    0.000;   0;   8.0;   8.7;  895.84;    4.9;  100.00;    6.3;    3.6;    3.9;eor
        722;20161029;   10;  19.4;  11.2;    3;   0.9;   6;    1.067;   0;   7.8;   7.2;  896.45;    2.2;   99.54;    3.6;    1.6;    2.0;eor
        722;20161030;   10;  17.1;  10.8;    3;   3.8;   6;    0.000;   0;   8.0;   7.5;  895.35;    2.9;  100.00;    3.9;    1.8;    2.0;eor
        722;20161031;   10;  11.5;   4.8;    3;   0.3;   6;    1.050;   0;   6.9;   8.6;  894.72;    4.8;   99.63;    7.1;    3.7;    1.7;eor
        722;20161101;   10;  17.2;   9.8;    3;   6.7;   8;    0.483;   0;   5.9;   7.9;  886.36;    4.4;   94.46;    7.4;   -0.2;    0.0;eor
        722;20161102;   10;  23.6;  14.1;    3;  10.2;   7;    0.000;   0;   8.0;   5.7;  880.06;   -0.9;  100.00;    0.0;   -4.0;   -4.0;eor
        722;20161103;   10;  14.7;   8.2;    3;   0.5;   7;    0.333;   4;   7.5;   5.4;  885.04;   -1.7;   99.42;   -0.2;   -4.5;   -4.3;eor
        722;20161104;   10;  20.0;  12.8;    3;   0.4;   8;    0.000;   3;   7.8;   5.6;  879.62;   -1.1;   99.92;   -0.5;   -1.7;   -1.4;eor
        722;20161105;   10;  21.8;  13.5;    3;   4.6;   8;    0.000;   3;   8.0;   6.0;  868.35;   -0.2;  100.00;    0.6;   -1.2;   -0.9;eor
        722;20161106;   10;  20.5;  12.2;    3;   4.2;   8;    0.000;   3;   8.0;   5.4;  866.48;   -1.7;  100.00;   -1.1;   -2.3;   -1.9;eor
        722;20161107;   10;   7.8;   3.8;    3;   9.2;   7;    0.000;   6;   8.0;   5.1;  871.96;   -2.4;   99.96;   -1.6;   -3.6;   -3.5;eor
        722;20161108;   10;  17.2;   9.3;    3;   2.5;   7;    0.000;  15;   8.0;   4.3;  872.39;   -4.8;   98.83;   -3.0;   -7.2;   -7.6;eor
        722;20161109;   10;  15.5;  10.4;    3;   3.6;   7;    0.000;  17;   8.0;   4.2;  870.53;   -5.0;   99.38;   -3.5;   -6.8;   -6.9;eor
        722;20161110;   10;  10.6;   4.9;    3;   2.5;   7;    0.783;  20;   7.8;   4.9;  871.39;   -3.1;   99.92;   -0.6;   -4.1;   -6.9;eor
        722;20161111;   10;  14.6;   7.3;    3;   0.5;   6;    0.483;  22;   5.9;   4.1;  881.12;   -5.3;   98.08;   -2.3;   -8.3;   -9.4;eor
        722;20161112;   10;  12.4;   7.3;    3;   0.6;   6;    0.050;  21;   5.8;   3.4;  888.06;   -7.3;   97.17;   -6.3;   -8.1;   -9.6;eor
        722;20161113;   10;  18.2;  11.2;    3;   0.0;   0;    6.867;  21;   4.3;   3.3;  890.52;   -7.1;   93.00;   -5.5;   -8.3;   -8.5;eor
        722;20161114;   10;  16.0;   9.8;    3;   0.7;   8;    7.550;  20;   3.3;   2.9;  894.72;   -4.8;   68.46;   -3.3;   -7.4;   -8.7;eor
        722;20161115;   10;  21.0;  13.6;    3;   7.5;   6;    0.000;  18;   8.0;   6.1;  888.62;    0.0;   97.29;    3.8;   -5.7;   -5.4;eor
        722;20161116;   10;  26.4;  15.3;    3;  12.4;   6;    0.000;   7;   8.0;   7.9;  881.95;    3.6;  100.00;    4.6;    2.2;    2.1;eor
        722;20161117;   10;  32.4;  20.1;    3;  19.7;   6;    0.000;   0;   8.0;   7.3;  872.47;    2.4;  100.00;    3.5;    1.0;    1.2;eor
        722;20161118;   10;  33.9;  20.5;    3;  17.7;   8;    0.000;   0;   8.0;   6.7;  867.02;    1.2;  100.00;    4.0;   -1.4;   -1.0;eor
        722;20161119;   10;  26.6;  17.5;    3;   3.2;   7;    0.000;   4;   8.0;   5.5;  873.04;   -1.4;  100.00;   -0.7;   -2.4;   -2.1;eor
        722;20161120;   10;  36.0;  22.6;    3;   0.9;   8;    0.250;   6;   7.5;   6.2;  869.95;    0.4;   96.75;    5.9;   -2.5;   -2.3;eor
        722;20161121;   10;  26.5;  16.8;    3;   0.0;   6;    0.883;   0;   7.3;   6.6;  874.60;    7.0;   66.71;   10.1;    3.8;    2.9;eor
        722;20161122;   10;  17.6;  10.3;    3;   0.0;   6;    0.150;   0;   7.2;   7.7;  881.01;    8.1;   71.33;    9.6;    6.3;    4.6;eor
        722;20161123;   10;  12.0;   6.9;    3;   0.0;   0;    2.200;   0;   6.5;   8.2;  887.60;   10.0;   66.21;   12.4;    8.2;    3.6;eor
        722;20161124;   10;  16.9;  10.1;    3;   0.0;   6;    1.000;   0;   5.7;   6.2;  889.27;    2.9;   80.50;    9.6;   -1.1;   -2.6;eor
        722;20161125;   10;  20.8;  12.6;    3;   0.0;   0;    8.383;   0;   2.1;   2.5;  888.34;    0.1;   40.75;    1.8;   -2.2;   -3.6;eor
        722;20161126;   10;  18.8;   6.1;    3;   2.5;   6;    7.850;   0;   2.3;   2.8;  884.84;    3.4;   38.46;    8.5;   -0.7;   -7.0;eor
        722;20161127;   10;  22.4;  12.7;    3;   1.7;   8;    0.550;   0;   7.6;   5.2;  882.81;   -2.2;   99.71;    1.3;   -5.8;   -6.2;eor
        722;20161128;   10;  18.2;   9.7;    3;   0.2;   6;    2.650;   0;   6.4;   3.2;  890.68;   -7.8;   94.46;   -5.7;  -10.0;  -11.4;eor
        722;20161129;   10;  18.0;   5.7;    3;   0.0;   0;    8.250;   0;   0.5;   1.2;  895.53;   -3.5;   25.08;    2.2;   -9.0;  -11.9;eor
        722;20161130;   10;  24.6;  16.2;    3;   5.3;   8;    0.000;   0;   7.0;   3.4;  890.80;   -4.1;   73.17;   -2.5;   -5.4;   -6.6;eor
        722;20161201;   10;  31.3;  18.7;    3;  12.9;   8;    0.000;   1;   8.0;   5.7;  884.48;   -1.1;  100.00;    0.5;   -2.7;   -2.4;eor
        722;20161202;   10;  33.0;  13.5;    3;   0.5;   7;    5.617;   2;   4.0;   4.7;  884.18;   -3.4;   96.63;    0.5;   -5.9;   -7.2;eor
        722;20161203;   10;  12.2;   3.8;    3;   0.0;   0;    8.117;   1;   0.9;   2.6;  889.85;   -3.1;   52.79;    0.4;   -5.8;  -11.4;eor
        722;20161204;   10;   7.2;   3.1;    3;   0.0;   0;    7.467;   1;   2.6;   1.3;  892.97;   -1.3;   23.38;    0.7;   -3.5;  -11.1;eor
        722;20161205;   10;   9.3;   6.4;    3;   0.0;   0;    8.067;   1;   0.8;   1.9;  891.73;    0.8;   28.42;    3.5;   -1.3;   -4.8;eor
        722;20161206;   10;  10.6;   6.0;    3;   0.0;   0;    8.017;   1;   1.7;   2.5;  894.41;   -1.4;   48.04;    1.4;   -4.3;   -7.2;eor
        722;20161207;   10;  24.6;  11.6;    3;   0.0;   6;    0.933;   0;   6.3;   5.2;  896.21;    3.0;   66.75;    4.9;    0.2;   -6.0;eor
        722;20161208;   10;  27.7;  17.1;    3;   1.2;   6;    4.683;   0;   6.5;   5.6;  893.65;    5.2;   62.67;    7.2;    3.0;    1.9;eor
        722;20161209;   10;  26.4;  17.1;    3;   4.8;   6;    0.100;   0;   8.0;   7.7;  891.84;    3.2;  100.00;    6.1;    1.1;    1.2;eor
        722;20161210;   10;  25.2;  13.9;    3;   8.4;   6;    0.000;   0;   7.8;   7.5;  888.50;    3.0;   98.54;    4.7;    1.4;    1.3;eor
        722;20161211;   10;  31.0;  17.7;    3;  17.9;   8;    0.000;   0;   8.0;   6.3;  880.98;    0.5;  100.00;    2.9;   -0.9;   -0.7;eor
        722;20161212;   10;  22.4;   9.3;    3;   8.0;   6;    0.000;   6;   7.8;   6.0;  888.55;   -0.3;   99.83;    0.5;   -1.4;   -1.4;eor
        722;20161213;   10;  17.9;   9.7;    3;   0.8;   6;    0.183;   4;   7.8;   5.8;  889.70;   -0.7;   99.75;    1.6;   -2.2;   -2.5;eor
        722;20161214;   10;  11.6;   4.8;    3;   0.3;   4;    2.867;   2;   6.3;   6.7;  890.62;    1.4;   98.58;    3.9;    0.1;   -0.8;eor
        722;20161215;   10;  14.8;   9.0;    3;   0.2;   6;    0.000;   0;   5.9;   5.1;  893.07;   -1.2;   91.04;    0.4;   -3.9;   -5.9;eor
        722;20161216;   10;  14.3;   8.4;    3;   0.0;   0;    7.767;   0;   1.6;   2.1;  894.61;    2.9;   29.50;    5.9;    0.3;   -4.2;eor
        722;20161217;   10;  15.5;   8.2;    3;   0.3;   6;    2.267;   0;   5.8;   6.1;  899.94;    1.8;   87.67;    3.5;   -0.2;   -1.4;eor
        722;20161218;   10;  18.8;  10.2;    3;   6.3;   8;    0.000;   0;   8.0;   5.6;  896.66;   -1.2;   99.83;   -0.5;   -2.1;   -1.8;eor
        722;20161219;   10;  13.1;   6.4;    3;   0.0;   0;    5.600;   3;   3.1;   4.4;  894.29;   -0.8;   78.58;    3.1;   -3.1;   -6.3;eor
        722;20161220;   10;  18.2;  11.8;    3;   0.0;   0;    7.617;   2;   0.1;   1.8;  890.71;    4.8;   22.38;    9.1;    1.1;   -3.0;eor
        722;20161221;   10;  20.1;  13.5;    3;   0.0;   0;    7.650;   2;   1.1;   4.3;  891.18;    3.0;   57.96;    8.4;    0.1;   -1.9;eor
        722;20161222;   10;  22.6;  13.3;    3;   1.8;   8;    0.750;   2;   5.5;   5.7;  892.46;    0.3;   92.08;    2.4;   -1.8;   -2.1;eor
        722;20161223;   10;  29.2;  14.9;    3;   4.0;   8;    0.650;   0;   7.0;   5.3;  894.27;   -2.0;   99.75;   -1.0;   -3.3;   -3.3;eor
        722;20161224;   10;  35.4;  20.7;    3;   6.0;   8;    0.000;   1;   8.0;   5.5;  885.99;   -1.5;  100.00;   -0.7;   -3.1;   -2.8;eor
        722;20161225;   10;  35.9;  21.9;    3;  16.9;   8;    0.000;   4;   8.0;   6.8;  885.33;    1.4;  100.00;    3.2;   -0.7;   -0.4;eor
        722;20161226;   10;  33.9;  22.5;    3;  10.6;   8;    0.000;   0;   7.8;   6.3;  887.05;    0.1;   99.92;    3.5;   -3.9;   -3.6;eor
        722;20161227;   10;  32.9;  18.9;    3;   5.8;   8;    0.000;   2;   8.0;   5.4;  896.31;   -1.7;  100.00;   -0.3;   -3.6;   -3.2;eor
        722;20161228;   10;  22.7;  12.2;    3;   5.2;   8;    0.000;   3;   8.0;   5.4;  903.49;   -1.6;  100.00;   -0.9;   -3.0;   -2.9;eor
        722;20161229;   10;   7.4;   3.6;    3;   0.0;   0;    7.767;   4;   2.3;   3.0;  903.50;   -0.7;   57.33;    4.2;   -4.9;   -9.0;eor
        722;20161230;   10;  15.0;   8.0;    3;   0.0;   0;    7.883;   4;   0.5;   1.6;  900.94;    3.4;   20.46;    5.5;    2.0;   -6.9;eor
        722;20161231;   10;  23.2;  13.5;    3;   0.1;   6;    7.900;   4;   1.7;   3.1;  894.55;    1.4;   48.46;    3.6;   -3.0;   -3.5;eor
        722;20170101;   10;  23.4;  14.4;    3;   3.2;   7;    4.000;   4;   3.2;   3.9;  882.90;   -2.9;   79.04;   -0.9;   -5.5;   -6.4;eor
        722;20170102;   10;  21.1;  11.1;    3;   9.1;   7;    0.000;   7;   7.9;   4.0;  881.81;   -5.5;   98.63;   -4.4;   -6.5;   -6.4;eor
        722;20170103;   10;  34.2;  19.3;    3;  14.8;   7;    0.000;  18;   8.0;   4.4;  880.45;   -4.3;   98.88;   -3.1;   -5.1;   -4.9;eor
        722;20170104;   10;  34.8;  19.3;    3;   7.2;   7;    0.000;  28;   7.8;   4.3;  871.93;   -4.7;   97.92;   -2.6;   -9.7;   -9.7;eor
        722;20170105;   10;  24.3;-999;    3;   0.7;   7;    0.083;  34;   7.8;   2.5;  888.04;  -11.2;   93.88;   -9.2;  -14.7;  -14.6;eor
        722;20170106;   10;-999;-999;    3;   0.0;   0;    6.400;  35;   1.8;   1.7;  897.60;  -14.5;   83.71;  -12.3;  -16.5;  -21.2;eor
        722;20170107;   10;  21.7;-999;    3;   4.1;   8;    0.000;  35;   7.2;   2.8;  890.95;   -8.1;   78.00;   -3.8;  -13.9;  -14.9;eor
        722;20170108;   10;  20.2;   7.1;    3;   1.6;   7;    0.000;  40;   8.0;   4.3;  890.92;   -4.6;   99.21;   -3.6;   -5.9;   -5.9;eor
        722;20170109;   10;  15.9;   8.1;    3;   1.8;   6;    1.533;  40;   7.5;   3.9;  887.03;   -6.0;   98.13;   -4.0;   -7.8;   -7.6;eor
        722;20170110;   10;  23.1;  11.5;    3;   0.8;   7;    0.000;  38;   8.0;   4.1;  876.27;   -5.1;   98.88;   -3.7;   -6.5;   -6.0;eor
        722;20170111;   10;  36.4;  18.2;    3;  17.3;   7;    0.000;  36;   8.0;   4.4;  870.17;   -4.3;   98.79;   -2.3;   -5.9;   -5.7;eor
        722;20170112;   10;  33.3;  19.3;    3;  18.1;   7;    0.000;  52;   8.0;   4.5;  868.72;   -4.1;   98.92;   -3.7;   -4.3;   -4.2;eor
        722;20170113;   10;  34.5;-999;    3;  26.4;   7;    0.000;  72;   8.0;   4.1;  858.20;   -5.2;   98.25;   -3.5;   -7.5;   -8.1;eor
        722;20170114;   10;  28.8;  15.5;    3;   9.3;   7;    0.000;  99;   8.0;   3.9;  869.35;   -5.7;   97.79;   -4.1;   -6.8;   -6.6;eor
        722;20170115;   10;  21.8;  11.5;    3;   1.8;   7;    0.000; 105;   8.0;   3.5;  879.30;   -7.2;   96.88;   -6.5;   -8.4;   -8.3;eor
        722;20170116;   10;-999;-999;    3;   0.4;   7;    8.050; 105;   5.6;   2.8;  887.23;   -9.7;   93.75;   -8.4;  -10.6;  -11.7;eor
        722;20170117;   10;  12.8;-999;    3;   0.3;   7;    3.367; 105;   6.5;   3.0;  895.87;   -8.8;   96.29;   -6.4;  -10.4;  -12.2;eor
        722;20170118;   10;   8.5;   5.9;    3;   0.0;   0;    0.867; 105;   4.5;   2.9;  899.46;   -8.9;   91.54;   -6.9;  -10.5;  -12.4;eor
        722;20170119;   10;  10.1;   5.7;    3;   0.0;   0;    5.450; 103;   4.8;   4.1;  899.15;   -2.8;   76.71;    1.3;   -8.0;   -9.6;eor
        722;20170120;   10;  10.2;   4.4;    3;   0.0;   0;    5.300;  99;   4.1;   5.8;  897.68;    0.9;   88.42;    4.7;   -1.0;   -5.0;eor
        722;20170121;   10;  10.7;   4.8;    3;   0.0;   0;    8.533;  95;   0.7;   4.5;  894.21;    1.4;   67.29;    4.1;   -1.2;   -8.2;eor
        722;20170122;   10;  14.9;   9.0;    3;   0.0;   0;    8.633;  93;   0.3;   2.6;  890.01;    1.6;   38.13;    3.4;   -0.4;   -6.6;eor
        722;20170123;   10;  15.3;   6.1;    3;   1.2;   7;    7.967;  92;   2.8;   2.9;  886.55;   -2.1;   59.29;    3.4;   -8.7;  -12.2;eor
        722;20170124;   10;  14.5;   7.7;    3;   0.9;   6;    0.200;  92;   6.8;   3.6;  889.21;   -6.8;   97.13;   -5.6;   -7.3;  -11.5;eor
        722;20170125;   10;  17.5;   9.4;    3;   1.2;   6;    0.000;  92;   6.3;   3.6;  891.99;   -6.7;   96.58;   -6.0;   -7.8;  -13.0;eor
        722;20170126;   10;  21.6;  14.6;    3;   0.0;   0;    8.800;  92;   3.0;   2.3;  889.59;   -2.8;   53.38;    2.3;   -8.0;   -8.5;eor
        722;20170127;   10;  19.7;  10.8;    3;   0.0;   0;    8.267;  92;   1.0;   3.4;  887.08;    3.4;   43.38;    7.4;   -0.8;   -3.4;eor
        722;20170128;   10;  25.6;  12.4;    3;   0.0;   0;    8.083;  91;   2.7;   4.2;  883.58;    2.4;   60.25;    6.4;   -1.4;   -2.1;eor
        722;20170129;   10;  28.8;  16.2;    3;   0.9;   6;    0.700;  89;   7.0;   5.2;  884.06;   -1.9;   97.42;    0.2;   -3.0;   -2.8;eor
        722;20170130;   10;  26.5;  16.8;    3;  12.9;   8;    0.000;  89;   8.0;   5.2;  876.52;   -2.3;  100.00;   -1.6;   -3.3;   -3.1;eor
        722;20170131;   10;  17.2;   7.7;    3;   0.4;   7;    0.000; 100;   7.6;   4.7;  878.92;   -3.7;   99.83;   -1.9;   -5.1;   -5.9;eor
        722;20170201;   10;  12.6;   6.8;    3;   0.8;   6;    8.200;  97;   1.8;   4.3;  882.41;   -1.9;   82.75;    2.3;   -5.0;   -5.9;eor
        722;20170202;   10;  21.0;  12.9;    3;   0.7;   6;    2.817;  96;   6.8;   7.0;  877.71;    2.2;   97.50;    4.0;    0.6;   -1.3;eor
        722;20170203;   10;  23.1;  13.5;    3;   3.3;   6;    0.000;  89;   7.1;   6.9;  873.00;    2.0;   98.67;    4.0;   -0.1;    0.1;eor
        722;20170204;   10;  27.5;  12.3;    3;   1.7;   7;    0.033;  85;   7.8;   5.7;  869.45;   -0.9;   99.75;    0.3;   -1.9;   -1.8;eor
        722;20170205;   10;  14.0;   5.8;    3;   0.5;   7;    0.000;  87;   7.8;   5.2;  870.46;   -2.2;   99.96;   -0.8;   -3.5;   -3.2;eor
        722;20170206;   10;  10.5;   3.9;    3;   0.3;   6;    0.117;  87;   7.9;   4.8;  880.97;   -3.2;   99.75;   -0.4;   -5.9;   -6.0;eor
        722;20170207;   10;   9.7;   5.2;    3;   1.0;   7;    0.000;  87;   7.6;   3.3;  883.07;   -8.0;   97.58;   -6.0;   -9.7;   -9.9;eor
        722;20170208;   10;   8.6;   4.4;    3;   0.1;   7;    4.317;  87;   5.3;   3.3;  886.95;   -7.7;   96.88;   -3.3;   -9.5;  -12.8;eor
        722;20170209;   10;  19.9;   9.4;    3;   0.9;   7;    0.750;  87;   6.2;   2.9;  889.19;   -9.1;   94.83;   -7.7;  -10.7;  -11.7;eor
        722;20170210;   10;  22.9;  15.4;    3;   2.4;   7;    0.000;  87;   8.0;   3.4;  885.16;   -7.6;   97.04;   -6.4;   -9.0;   -8.8;eor
        722;20170211;   10;  13.0;   7.2;    3;   0.4;   7;    0.000;  88;   7.9;   4.2;  886.13;   -5.1;   99.42;   -3.4;   -6.7;   -6.6;eor
        722;20170212;   10;  21.3;   6.9;    3;   0.1;   6;    8.217;  88;   1.6;   4.2;  891.93;   -1.6;   79.79;    2.9;   -6.6;   -7.1;eor
        722;20170213;   10;  19.5;  14.7;    3;   0.0;   0;    8.867;  87;   0.5;   3.9;  895.71;   -2.5;   76.54;   -0.8;   -4.2;   -5.0;eor
        722;20170214;   10;  17.4;  12.7;    3;   0.0;   0;    8.983;  87;   0.4;   2.1;  896.68;    3.1;   29.46;    6.7;   -1.9;   -3.2;eor
        722;20170215;   10;  11.0;   6.5;    3;   0.0;   0;    8.650;  83;   0.3;   2.9;  898.26;    7.6;   27.96;   12.3;    4.6;   -0.6;eor
        722;20170216;   10;  19.1;  11.9;    3;   1.6;   8;    0.600;  80;   5.8;   7.0;  893.71;    2.6;   95.29;    5.3;   -0.3;   -0.1;eor
        722;20170217;   10;  21.2;  11.8;    3;   8.2;   8;    0.000;  75;   8.0;   5.7;  886.93;   -1.0;  100.00;   -0.3;   -1.9;   -1.6;eor
        722;20170218;   10;  16.0;   9.1;    3;   0.4;   6;    0.000;  75;   7.0;   5.0;  889.05;   -2.7;   99.33;   -1.6;   -3.9;   -4.5;eor
        722;20170219;   10;  19.6;  12.3;    3;   5.4;   8;    0.000;  75;   7.8;   5.2;  884.93;   -2.2;   99.63;   -0.8;   -4.0;   -4.1;eor
        722;20170220;   10;  29.0;  19.0;    3;  13.8;   8;    0.000;  77;   8.0;   6.4;  879.42;    0.6;  100.00;    3.7;   -1.2;   -1.0;eor
        722;20170221;   10;  28.9;  17.7;    3;   3.7;   8;    0.000;  63;   8.0;   6.4;  876.78;    0.6;  100.00;    3.7;   -1.0;   -0.8;eor
        722;20170222;   10;  37.8;  22.3;    3;  42.9;   8;    0.000;  60;   8.0;   6.9;  869.87;    1.7;  100.00;    3.2;   -1.9;   -1.4;eor
        722;20170223;   10;  43.8;  22.6;    3;  25.6;   8;    0.000;  58;   8.0;   6.2;  862.24;    0.3;  100.00;    2.2;   -2.2;   -1.9;eor
        722;20170224;   10;  41.4;  17.4;    3;   4.6;   7;    0.000;  63;   7.6;   4.4;  870.40;   -4.5;   99.38;   -2.2;   -5.6;   -6.1;eor
        722;20170225;   10;  27.0;  15.7;    3;   0.7;   7;    0.000;  68;   8.0;   4.5;  881.53;   -4.1;   98.75;   -2.5;   -6.0;   -6.0;eor
        722;20170226;   10;  26.4;  18.5;    3;   0.1;   6;    0.000;  68;   7.1;   5.6;  876.69;   -0.8;   97.58;    1.6;   -3.0;   -2.8;eor
        722;20170227;   10;  30.6;  19.2;    3;   4.0;   8;    0.800;  68;   7.4;   6.4;  869.36;    1.4;   95.08;    3.1;   -0.2;    0.0;eor
        722;20170228;   10;  30.5;  17.5;    3;   5.0;   7;    2.100;  64;   7.5;   5.0;  859.59;   -2.3;   96.92;   -0.2;   -4.9;   -4.7;eor
        722;20170301;   10;  30.0;  17.3;    3;  22.9;   7;    0.000;  69;   7.9;   5.0;  864.99;   -2.8;   99.88;   -1.3;   -5.0;   -4.9;eor
        722;20170302;   10;  39.2;  22.2;    3;  18.2;   7;    0.000;  90;   7.9;   5.2;  869.24;   -2.2;   99.71;   -0.1;   -3.7;   -3.6;eor
        722;20170303;   10;  22.8;  14.0;    3;   0.0;   0;    3.700; 107;   7.4;   5.2;  875.65;   -1.4;   93.92;    4.3;   -3.5;   -3.8;eor
        722;20170304;   10;  27.4;  13.7;    3;   0.6;   8;    3.400;  98;   7.6;   6.2;  866.11;    5.6;   68.33;    9.2;    1.8;    1.4;eor
        722;20170305;   10;  30.1;  16.1;    3;   2.1;   7;    0.700;  87;   7.5;   5.9;  866.72;   -0.5;   99.71;    1.8;   -1.4;   -1.5;eor
        722;20170306;   10;  10.8;   5.5;    3;   9.7;   7;    0.200;  87;   7.9;   5.4;  867.42;   -1.6;   99.96;   -0.3;   -2.4;   -2.3;eor
        722;20170307;   10;  13.2;   7.5;    3;   0.9;   7;    3.100;  95;   7.7;   5.1;  877.27;   -2.4;   99.46;   -0.1;   -3.9;   -3.6;eor
        722;20170308;   10;  31.8;  16.6;    3;   7.4;   8;    0.000;  94;   8.0;   5.3;  880.70;   -2.0;  100.00;   -0.1;   -2.9;   -2.6;eor
        722;20170309;   10;  27.4;  12.6;    3;   9.0;   8;    4.400;  98;   7.1;   5.4;  881.66;   -0.1;   88.04;    2.4;   -3.3;   -3.6;eor
        722;20170310;   10;  25.9;  12.2;    3;   0.2;   6;    4.200;  98;   6.5;   5.3;  888.48;   -1.9;   99.75;   -0.8;   -2.8;   -2.8;eor
        722;20170311;   10;  11.7;   5.0;    3;   0.1;   6;    2.600;  95;   5.1;   5.0;  889.04;   -0.9;   86.79;    3.7;   -3.4;   -4.7;eor
        722;20170312;   10;  16.4;  10.1;    3;   0.1;   6;    5.200;  93;   6.5;   4.6;  885.04;   -2.7;   92.25;    0.8;   -4.8;   -5.9;eor
        722;20170313;   10;  15.2;   7.2;    3;   0.0;   6;    5.700;  93;   4.8;   3.8;  889.38;    0.4;   62.00;    4.5;   -4.8;   -7.6;eor
        722;20170314;   10;  20.9;  12.9;    3;   0.2;   6;    3.500;  89;   7.6;   6.5;  893.77;    1.6;   95.21;    4.1;   -1.3;   -1.5;eor
        722;20170315;   10;  21.1;  11.7;    3;   0.0;   0;    6.400;  81;   7.5;   6.1;  893.72;    1.5;   89.13;    3.7;   -0.2;   -1.0;eor
        722;20170316;   10;  21.0;   9.0;    3;   0.0;   0;   10.800;  77;   3.5;   3.9;  889.55;    4.1;   48.75;    8.5;   -0.9;   -2.1;eor
        722;20170317;   10;  24.0;  15.3;    3;   6.3;   8;    0.400;  70;   6.0;   5.7;  878.25;    0.8;   86.58;    5.6;   -3.0;   -2.8;eor
        722;20170318;   10;  36.0;  17.8;    3;  12.0;   8;    0.000;  75;   8.0;   5.7;  869.38;   -0.9;  100.00;    2.3;   -2.9;   -2.6;eor
        722;20170319;   10;  34.5;  17.6;    3;  15.0;   6;    0.000;  72;   8.0;   7.0;  873.05;    1.7;  100.00;    4.7;   -2.9;   -2.8;eor
        722;20170320;   10;  28.0;  17.5;    3;   6.0;   6;    0.000;  61;   8.0;   7.5;  873.63;    2.9;  100.00;    3.6;    1.9;    2.1;eor
        722;20170321;   10;  26.3;  12.9;    3;   9.0;   8;    0.000;  60;   7.9;   6.3;  874.92;    0.5;   98.83;    2.1;   -3.2;   -3.9;eor
        722;20170322;   10;  15.8;   6.8;    3;   0.2;   8;    5.900;  62;   6.8;   4.3;  881.51;   -1.2;   76.25;    2.5;   -4.1;   -9.5;eor
        722;20170323;   10;  12.6;   5.9;    3;   0.7;   6;    1.200;  60;   7.8;   6.4;  884.21;    0.6;  100.00;    4.6;   -1.5;   -1.3;eor
        722;20170324;   10;  16.3;   8.8;    3;   0.0;   0;   11.500;  58;   4.0;   5.3;  893.61;   -0.5;   90.25;    2.8;   -2.9;   -3.2;eor
        722;20170325;   10;  14.0;   6.6;    3;   0.2;   6;   10.200;  57;   5.2;   4.5;  893.75;    1.4;   68.21;    4.9;   -1.1;   -4.2;eor
        722;20170326;   10;  16.5;   7.6;    3;   0.0;   0;   11.000;  57;   5.5;   5.1;  890.78;    1.4;   76.42;    6.2;   -2.3;   -2.8;eor
        722;20170327;   10;  10.4;   5.1;    3;   0.0;   0;   12.000;  56;   0.5;   3.7;  891.87;    6.6;   41.54;   12.2;    0.7;   -3.0;eor
        722;20170328;   10;  15.0;   9.8;    3;   0.0;   0;   11.800;  56;   2.1;   5.3;  889.38;    8.5;   47.71;   11.7;    6.2;    4.0;eor
        722;20170329;   10;  26.8;  15.1;    3;   0.2;   6;    1.400;  53;   6.8;   7.9;  889.15;    4.5;   93.33;    6.2;    2.6;    2.0;eor
        722;20170330;   10;  16.6;   9.6;    3;   0.0;   0;    6.200;  50;   6.9;   9.0;  892.36;    7.8;   85.88;   11.6;    4.7;    4.8;eor
        722;20170331;   10;  23.4;  12.5;    3;   0.0;   0;    8.800;  47;   5.4;   7.4;  885.69;   10.2;   60.42;   13.9;    7.0;    5.5;eor
        722;20170401;   10;  12.2;   4.7;    3;  12.1;   6;    7.400;   0;   5.8;   8.8;  881.91;    9.5;   74.42;   13.9;    5.4;   -0.9;eor
        722;20170402;   10;  10.5;   6.1;    3;   0.2;   6;    4.200;   0;   4.7;   8.3;  886.63;    5.6;   90.96;    8.7;    3.6;    1.6;eor
        722;20170403;   10;   7.7;   3.4;    3;   0.2;   1;    7.200;   0;   3.3;   7.2;  891.53;    3.5;   92.08;    7.5;   -0.5;   -5.7;eor
        722;20170404;   10;  10.4;   4.2;    3;   0.1;   6;    3.200;   0;   6.3;   6.3;  890.14;    1.4;   93.88;    5.0;   -1.1;   -1.9;eor
        722;20170405;   10;  24.1;   8.1;    3;   1.4;   7;    2.500;   0;   7.0;   6.5;  887.94;    1.3;   96.50;    4.9;   -2.4;   -2.1;eor
        722;20170406;   10;  22.3;  11.6;    3;   0.5;   6;    6.700;   1;   7.3;   5.4;  887.71;   -0.9;   94.88;    2.2;   -3.0;   -2.7;eor
        722;20170407;   10;  21.0;  14.0;    3;   1.8;   6;    0.000;   0;   8.0;   6.9;  887.18;    1.5;  100.00;    4.1;   -1.1;   -0.8;eor
        722;20170408;   10;  10.3;   5.5;    3;   1.1;   6;    1.300;   0;   6.8;   7.8;  890.48;    3.7;   97.54;    5.4;    2.7;   -1.4;eor
        722;20170409;   10;  14.7;   4.7;    3;   0.1;   6;   10.900;   0;   3.3;   8.3;  891.10;    7.7;   79.75;   13.4;    3.2;    3.2;eor
        722;20170410;   10;  20.9;  12.4;    3;   0.1;   6;    4.700;   0;   4.8;   7.1;  885.18;    4.9;   82.88;   10.2;   -2.1;   -2.0;eor
        722;20170411;   10;  23.9;-999;    3;   0.3;   8;    0.317;   0;   7.4;   5.3;  887.08;   -0.9;   92.67;    1.5;   -3.2;   -2.8;eor
        722;20170412;   10;  31.9;  18.8;    3;  15.3;   8;    0.717;   0;   7.9;   6.6;  879.34;    1.7;   95.96;    5.1;    0.4;    0.6;eor
        722;20170413;   10;  22.4;  12.8;    3;   2.5;   8;    0.083;   1;   8.0;   5.9;  878.03;   -0.1;   98.04;    1.1;   -1.5;   -1.4;eor
        722;20170414;   10;  18.2;   9.9;    3;   0.6;   8;    4.683;   0;   7.5;   5.5;  880.79;   -0.1;   91.67;    4.2;   -2.6;   -2.2;eor
        722;20170415;   10;  30.6;  15.2;    3;   4.6;   8;    0.100;   0;   7.8;   6.1;  877.68;    0.1;   98.63;    1.9;   -2.4;   -2.1;eor
        722;20170416;   10;  23.7;  11.6;    3;   2.8;   7;    2.817;   0;   7.5;   5.1;  880.78;   -1.5;   93.00;    2.4;   -3.0;   -2.6;eor
        722;20170417;   10;  15.6;   7.8;    3;   1.1;   7;    2.600;   2;   7.5;   4.9;  880.61;   -2.4;   94.83;    0.3;   -4.0;   -3.6;eor
        722;20170418;   10;  17.2;  10.9;    3;  14.9;   7;    0.000;   0;   8.0;   4.3;  886.27;   -4.1;   95.58;   -2.8;   -6.3;   -5.5;eor
        722;20170419;   10;  17.8;  10.5;    3;   0.4;   7;    1.933;  15;   6.7;   3.5;  894.50;   -6.3;   92.75;   -4.5;   -7.8;   -8.9;eor
        722;20170420;   10;  10.8;   6.2;    3;   0.0;   0;   12.900;  15;   4.3;   3.5;  896.46;   -3.8;   76.38;    1.1;   -8.1;   -9.9;eor
        722;20170421;   10;  25.2;  13.3;    3;   7.5;   8;    3.617;  13;   6.7;   5.9;  890.88;    1.2;   86.38;    3.7;   -1.9;   -2.9;eor
        722;20170422;   10;  21.2;  12.4;    3;   4.8;   7;    0.983;   8;   7.6;   5.1;  884.88;   -2.0;   95.54;    1.6;   -3.4;   -3.0;eor
        722;20170423;   10;  19.8;  10.6;    3;   3.2;   7;    0.150;  11;   7.6;   4.6;  885.38;   -3.1;   95.17;   -2.0;   -4.0;   -4.5;eor
        722;20170424;   10;  21.7;  12.5;    3;   1.1;   8;    8.817;  12;   5.3;   4.9;  879.96;    0.4;   78.79;    4.9;   -4.1;   -5.2;eor
        722;20170425;   10;  23.4;  11.9;    3;   1.0;   7;    2.383;   0;   7.7;   4.9;  872.31;   -1.2;   87.21;    2.2;   -3.8;   -4.2;eor
        722;20170426;   10;  10.2;   4.6;    3;   0.1;   7;    4.600;   0;   6.1;   4.2;  877.26;   -1.6;   78.58;    1.7;   -4.3;   -5.6;eor
        722;20170427;   10;  10.4;   3.3;    3;   0.0;   7;    3.750;   0;   5.1;   4.5;  880.17;   -0.8;   77.71;    2.3;   -2.9;   -7.6;eor
        722;20170428;   10;  13.7;   4.4;    3;   0.5;   7;    3.467;   0;   5.5;   4.5;  879.77;    0.1;   73.25;    2.6;   -2.5;   -8.8;eor
        722;20170429;   10;  13.7;   6.2;    3;   0.0;   0;    3.683;   0;   5.5;   4.6;  882.86;   -0.7;   80.71;    1.8;   -2.5;   -5.4;eor
        722;20170430;   10;  22.4;  11.7;    3;   0.0;   0;   14.250;   0;   1.2;   4.6;  882.47;    1.5;   68.46;    5.7;   -2.3;   -3.5;eor
        722;20170501;   10;  21.1;  10.7;    3;   0.5;   6;    7.283;   0;   6.7;   6.2;  879.89;    3.4;   79.33;    6.6;    0.0;   -0.7;eor
        722;20170502;   10;  19.4;  10.0;    3;  14.7;   8;    0.000;   0;   8.0;   6.5;  881.40;    1.1;   98.33;    2.7;   -0.1;    0.1;eor
        722;20170503;   10;  17.6;   9.5;    3;   1.0;   6;    2.250;   0;   7.8;   7.8;  886.91;    3.6;   98.83;    6.1;    0.9;    1.1;eor
        722;20170504;   10;  14.0;   9.1;    3;   3.8;   6;    0.000;   0;   8.0;   6.7;  884.56;    1.4;   99.96;    3.1;    0.7;    1.0;eor
        722;20170505;   10;   7.4;   3.6;    3;   0.9;   6;    0.067;   0;   7.9;   7.4;  885.86;    2.8;   99.00;    4.8;    1.0;    1.1;eor
        722;20170506;   10;  14.9;   7.0;    3;   0.3;   6;    1.517;   0;   7.7;   8.3;  882.50;    4.5;   97.92;    6.5;    2.1;    0.9;eor
        722;20170507;   10;  14.3;   5.1;    3;   0.0;   0;    2.400;   0;   7.8;   9.1;  881.93;    6.6;   92.88;    9.6;    4.3;    3.4;eor
        722;20170508;   10;  20.8;  10.2;    3;   3.0;   8;    1.633;   0;   7.4;   6.2;  882.93;    1.1;   93.83;    4.4;   -2.4;   -2.0;eor
        722;20170509;   10;   9.5;   4.5;    3;   0.0;   7;    2.467;   0;   7.2;   4.7;  883.62;   -1.3;   85.13;    2.0;   -3.2;   -2.8;eor
        722;20170510;   10;  14.2;   7.1;    3;   0.0;   0;   10.233;   0;   5.3;   5.3;  876.85;    2.7;   72.50;    7.9;   -2.0;   -3.3;eor
        722;20170511;   10;  13.2;   7.4;    3;   0.2;   6;   11.267;   0;   4.0;   6.9;  873.44;    8.3;   64.21;   13.4;    2.3;    0.0;eor
        722;20170512;   10;  12.4;   4.1;    3;   5.9;   6;    2.833;   0;   7.3;   9.2;  874.48;   10.6;   71.88;   14.2;    8.5;    4.5;eor
        722;20170513;   10;  11.9;   4.7;    3;  16.6;   8;    5.000;   0;   6.3;  10.7;  881.49;   10.2;   86.13;   15.5;    7.9;    5.1;eor
        722;20170514;   10;  15.4;   6.0;    3;   9.8;   6;    4.033;   0;   6.6;   9.9;  889.56;    9.6;   83.00;   14.6;    7.0;    6.5;eor
        722;20170515;   10;  11.0;   5.8;    3;   0.0;   6;    7.667;   0;   4.8;   7.8;  895.92;    8.4;   72.42;   13.2;    5.0;    0.8;eor
        722;20170516;   10;  10.6;   5.9;    3;   0.0;   6;    0.600;   0;   7.5;   8.9;  897.34;   11.1;   66.79;   14.0;    7.6;    6.3;eor
        722;20170517;   10;  19.4;   6.2;    3;   0.0;   0;    8.800;   0;   6.0;  11.5;  892.17;   14.8;   68.75;   19.4;   12.4;    9.0;eor
        722;20170518;   10;  18.0;   8.8;    3;   1.1;   6;    9.433;   0;   6.2;  10.9;  884.00;   15.5;   62.00;   21.2;   12.7;   11.3;eor
        722;20170519;   10;  21.0;   7.2;    3;  28.7;   6;    1.600;   0;   7.7;  10.6;  881.15;   11.0;   82.33;   16.3;    4.7;    5.0;eor
        722;20170520;   10;  17.8;   8.6;    3;   0.3;   6;    4.900;   0;   6.2;   7.9;  888.50;    6.3;   84.21;    9.7;    3.8;    3.5;eor
        722;20170521;   10;   8.2;   4.1;    3;   0.0;   0;    7.933;   0;   4.2;   7.5;  894.27;    8.1;   69.63;   11.3;    4.9;    1.7;eor
        722;20170522;   10;  10.8;   5.2;    3;   0.0;   0;    8.933;   0;   3.9;   7.9;  889.96;    9.4;   67.71;   14.1;    6.4;    3.0;eor
        722;20170523;   10;  19.3;   8.2;    3;   0.3;   6;    4.733;   0;   6.1;   9.1;  886.77;   11.0;   69.42;   15.7;    3.6;    3.3;eor
        722;20170524;   10;  19.4;  10.4;    3;   1.3;   6;    4.800;   0;   7.0;   7.6;  888.70;    5.1;   86.92;    8.8;    2.1;    1.8;eor
        722;20170525;   10;  16.4;   9.3;    3;   0.2;   6;    5.500;   0;   6.8;   9.7;  890.43;    7.6;   92.25;   11.5;    4.8;    5.2;eor
        722;20170526;   10;  11.4;   6.1;    3;   0.0;   0;   15.617;   0;   0.6;  10.3;  891.73;   12.2;   73.83;   16.4;    7.7;    6.4;eor
        722;20170527;   10;  13.5;   8.4;    3;   0.0;   0;   15.717;   0;   0.1;  10.3;  891.95;   13.9;   66.25;   17.8;    9.7;    8.2;eor
        722;20170528;   10;  14.6;   8.7;    3;   0.3;   6;    9.333;   0;   5.3;  11.7;  890.51;   17.3;   59.08;   21.2;   14.3;   11.8;eor
        722;20170529;   10;  14.4;   7.2;    3;   0.0;   0;    8.933;   0;   5.0;  14.6;  886.79;   19.4;   65.58;   24.0;   15.5;   13.1;eor
        722;20170530;   10;  18.5;   9.9;    3;   8.4;   6;    6.067;   0;   5.8;  14.3;  885.07;   16.0;   80.21;   19.6;    9.9;   10.2;eor
        722;20170531;   10;  19.9;  10.0;    3;   0.3;   6;    4.533;   0;   6.0;  10.5;  889.12;    9.6;   88.04;   13.3;    6.9;    5.0;eor
        722;20170601;    3;  14.6;   6.8;    3;   0.0;   0;   15.867;   0;   2.0;   6.9;  890.73;   11.1;   55.17;   16.7;    6.5;    5.0;eor
        722;20170602;    3;  10.1;   4.8;    3;   2.3;   6;   11.650;   0;   3.8;   9.3;  888.68;   13.8;   58.46;   18.5;   10.4;    5.1;eor
        722;20170603;    3;  15.3;   7.2;    3;  42.1;   6;    3.300;   0;   7.0;  11.9;  884.55;   13.4;   77.42;   17.2;   10.6;   10.3;eor
        722;20170604;    3;  19.6;   9.4;    3;   9.0;   6;    4.717;   0;   6.8;  10.6;  882.36;    9.1;   91.04;   12.0;    6.2;    4.8;eor
        722;20170605;    3;  10.3;   5.3;    3;   0.2;   6;    4.083;   0;   5.8;   9.4;  883.74;    9.1;   81.75;   12.7;    6.4;    5.0;eor
        722;20170606;    3;  22.9;  12.7;    3;   2.7;   6;    6.567;   0;   6.4;   9.9;  874.64;    8.3;   89.96;   13.0;    3.3;    3.0;eor
        722;20170607;    3;  28.0;  17.5;    3;   4.7;   6;    1.350;   0;   7.7;   7.9;  878.88;    4.1;   95.96;    7.0;    2.5;    2.9;eor
        722;20170608;    3;  23.5;  15.1;    3;   0.6;   6;    5.350;   0;   7.2;   9.2;  885.41;    8.0;   86.54;   12.2;    3.8;    3.8;eor
        722;20170609;    3;  21.6;  12.4;    3;   5.0;   6;    6.883;   0;   6.8;   9.7;  883.62;   11.5;   73.88;   16.6;    7.4;    7.6;eor
        722;20170610;    3;  12.1;   6.4;    3;   0.0;   0;    9.467;   0;   5.6;   9.5;  889.43;   10.4;   77.00;   14.9;    6.1;    5.1;eor
        722;20170611;    3;  17.6;   9.6;    3;   0.8;   6;   10.817;   0;   4.8;  11.3;  888.46;   15.1;   65.42;   18.7;   11.0;    8.4;eor
        722;20170612;    3;  22.4;  13.4;    3;   0.0;   0;    4.367;   0;   6.7;   9.9;  883.53;    9.7;   81.75;   14.2;    5.9;    6.0;eor
        722;20170613;    3;  18.1;  11.1;    3;   0.0;   0;    1.400;   0;   7.0;   9.4;  886.43;    7.4;   91.21;   10.1;    5.7;    6.1;eor
        722;20170614;    3;  10.3;   5.0;    3;   0.0;   0;    9.450;   0;   4.5;  10.0;  888.95;   10.1;   81.88;   14.3;    6.0;    5.5;eor
        722;20170615;    3;  26.0;   7.7;    3;   8.7;   6;   11.633;   0;   5.7;  11.0;  886.79;   13.7;   70.96;   18.0;    9.5;    7.1;eor
        722;20170616;    3;  25.0;  12.2;    3;   1.7;   6;    0.183;   0;   7.8;  10.6;  886.11;    8.2;   97.29;   11.0;    5.3;    5.6;eor
        722;20170617;    3;  20.4;  11.3;    3;   0.5;   6;    3.550;   0;   7.2;  10.1;  891.34;    7.6;   95.83;   11.1;    4.7;    5.0;eor
        722;20170618;    3;  13.6;   4.4;    3;   0.1;   6;    9.367;   0;   5.1;  13.1;  894.93;   12.7;   89.54;   16.6;    8.7;    4.8;eor
        722;20170619;    3;   7.6;   3.4;    3;   0.0;   0;   15.667;   0;   0.6;  12.9;  892.80;   17.0;   67.67;   22.1;   12.3;    6.0;eor
        722;20170620;    3;  13.8;   6.3;    3;   0.0;   0;   10.800;   0;   4.8;  13.8;  889.35;   16.6;   73.58;   20.2;   10.2;    7.9;eor
        722;20170621;    3;  11.9;   5.9;    3;   0.0;   0;   15.033;   0;   4.2;  11.5;  888.76;   15.0;   67.54;   19.6;   11.2;    8.0;eor
        722;20170622;    3;  26.4;  11.5;    3;  15.3;   8;    9.667;   0;   6.0;  14.3;  884.41;   17.2;   73.88;   23.6;   11.5;   11.6;eor
        722;20170623;    3;  24.1;  14.9;    3;   0.2;   6;    3.950;   0;   7.2;  12.5;  883.51;   11.9;   89.75;   14.9;    9.8;   10.2;eor
        722;20170624;    3;  23.9;  14.1;    3;   3.0;   6;    7.667;   0;   6.5;  11.9;  883.86;   10.9;   91.13;   14.0;    8.9;    9.4;eor
        722;20170625;    3;  25.0;  15.2;    3;   6.3;   6;    0.633;   0;   7.9;  12.6;  881.33;   10.5;   99.21;   12.2;    9.5;    9.7;eor
        722;20170626;    3;  24.7;   8.6;    3;   3.1;   6;    1.933;   0;   6.1;  10.6;  882.30;    8.9;   92.17;   11.5;    6.2;    1.3;eor
        722;20170627;    3;  14.5;   5.5;    3;   0.0;   6;    3.200;   0;   6.2;  11.1;  881.63;   10.5;   86.42;   15.3;    7.3;    0.9;eor
        722;20170628;    3;  21.5;  10.3;    3;  12.2;   6;    3.050;   0;   7.0;  13.8;  872.64;   12.0;   98.29;   13.7;    9.5;    9.2;eor
        722;20170629;    3;  22.4;   9.2;    3;  10.9;   6;    0.833;   0;   7.3;  12.5;  869.35;   10.9;   95.71;   13.3;    9.3;    5.9;eor
        722;20170630;    3;  23.3;  15.1;    3;   5.2;   6;    0.050;   0;   7.9;  11.4;  873.53;    8.9;   99.42;    9.6;    7.8;    7.6;eor
        722;20170701;    3;  25.4;  13.8;    3;   9.1;   6;    0.000;   0;   8.0;  11.2;  877.57;    8.6;  100.00;    9.7;    7.6;    7.7;eor
        722;20170702;    3;  20.2;  11.6;    3;   2.4;   6;    2.050;   0;   7.1;  10.6;  885.55;    8.0;   98.58;    9.5;    5.7;    5.1;eor
        722;20170703;    3;  22.1;   9.3;    3;   0.0;   6;   10.400;   0;   6.1;   9.4;  889.05;    9.1;   82.25;   13.6;    4.8;    4.3;eor
        722;20170704;    3;  18.3;   9.1;    3;   0.0;   0;    5.650;   0;   6.6;  10.3;  888.95;    9.8;   86.04;   13.2;    7.5;    7.0;eor
        722;20170705;    3;  10.4;   4.5;    3;   0.1;   6;    3.100;   0;   7.0;  11.8;  888.87;   11.9;   84.00;   16.3;    9.1;    7.9;eor
        722;20170706;    3;  12.7;   3.9;    3;   0.0;   6;    5.817;   0;   6.1;  12.7;  889.56;   15.2;   74.71;   20.5;   10.4;    5.2;eor
        722;20170707;    3;  17.9;   9.0;    3;   0.2;   6;    6.217;   0;   6.4;  14.0;  886.37;   16.3;   76.29;   20.4;   13.5;   12.6;eor
        722;20170708;    3;  15.4;   7.3;    3;   1.5;   6;    5.400;   0;   7.2;  13.4;  887.05;   14.2;   84.17;   18.4;   11.6;   11.1;eor
        722;20170709;    3;  10.0;   4.2;    3;   1.9;   6;    0.900;   0;   7.5;  14.4;  885.50;   13.3;   94.17;   17.6;   11.9;   11.5;eor
        722;20170710;    3;  14.4;   8.2;    3;   6.9;   6;    0.233;   0;   7.6;  14.7;  880.28;   13.3;   96.21;   15.2;   11.4;   10.9;eor
        722;20170711;    3;  16.5;   9.0;    3;   0.0;   6;    5.833;   0;   6.6;  12.2;  881.86;   12.2;   86.25;   15.4;    9.5;    7.9;eor
        722;20170712;    3;  26.6;  14.7;    3;  58.9;   6;    0.000;   0;   7.8;  11.5;  879.68;    9.0;   99.63;   10.9;    4.6;    5.0;eor
        722;20170713;    3;  19.8;   8.2;    3;   0.1;   6;    5.250;   0;   6.8;   8.3;  888.65;    6.6;   86.00;   10.7;    4.2;    0.2;eor
        722;20170714;    3;  13.4;   5.7;    3;  10.6;   6;    5.283;   0;   6.8;   8.6;  885.59;    8.9;   76.50;   13.4;    6.2;    4.3;eor
        722;20170715;    3;  13.4;   7.8;    3;   0.2;   6;    2.467;   0;   6.8;  10.2;  889.26;    8.2;   93.67;   12.5;    5.7;    6.1;eor
        722;20170716;    3;  18.0;   8.9;    3;   4.9;   6;    1.700;   0;   7.2;  11.6;  891.87;   10.4;   91.08;   12.6;    7.4;    5.5;eor
        722;20170717;    3;  12.3;   5.6;    3;   0.4;   6;    6.667;   0;   5.9;  12.6;  891.50;   12.0;   90.04;   14.7;    9.2;    0.2;eor
        722;20170718;    3;   9.6;   3.7;    3;   0.0;   0;   12.700;   0;   2.7;  11.0;  891.11;   13.5;   71.46;   18.1;    8.9;   -0.5;eor
        722;20170719;    3;  32.8;   8.1;    3;  13.8;   6;   12.283;   0;   4.5;  13.5;  886.27;   16.5;   72.63;   22.5;   12.2;   10.2;eor
        722;20170720;    3;  20.2;  10.8;    3;   1.7;   6;    4.133;   0;   6.4;  15.0;  882.62;   14.6;   90.46;   16.4;   12.1;   11.4;eor
        722;20170721;    3;  15.8;   5.8;    3;   0.6;   6;    6.433;   0;   5.2;  12.5;  885.52;   13.7;   80.38;   17.8;    9.5;    8.8;eor
        722;20170722;    3;  14.3;   6.9;    3;  17.6;   6;    4.783;   0;   7.3;  14.5;  885.10;   14.7;   86.71;   18.1;   12.6;   12.4;eor
        722;20170723;    3;  23.7;  12.1;    3;   0.2;   6;    4.167;   0;   5.6;  11.4;  883.59;   11.2;   85.33;   14.8;    8.9;    7.2;eor
        722;20170724;    3;  13.9;   6.9;    3; 121.2;   6;    0.767;   0;   7.4;  10.6;  879.03;    9.0;   92.33;    9.6;    8.4;    1.0;eor
        722;20170725;    3;  23.1;   9.4;    3; 117.0;   6;    0.000;   0;   8.0;  11.0;  874.24;    8.3;  100.00;    9.4;    7.3;    7.5;eor
        722;20170726;    3;  26.3;  13.4;    3;  18.2;   6;    0.317;   0;   8.0;  11.6;  876.12;    9.1;   99.88;   10.8;    7.3;    7.5;eor
        722;20170727;    3;  24.1;  10.4;    3;  23.9;   6;    1.100;   0;   7.1;  12.6;  878.71;   10.7;   97.08;   13.2;    8.7;    8.1;eor
        722;20170728;    3;  20.7;  10.9;    3;   0.1;   6;    5.433;   0;   6.3;  10.3;  881.72;    9.5;   86.79;   12.9;    7.2;    6.2;eor
        722;20170729;    3;  27.1;  14.7;    3;   1.6;   6;    6.117;   0;   5.8;  13.0;  883.85;   12.4;   89.92;   15.5;    8.7;    8.8;eor
        722;20170730;    3;  26.9;  14.6;    3;   0.0;   0;    7.717;   0;   6.5;  14.8;  882.32;   16.1;   81.54;   19.6;   13.4;   12.0;eor
        722;20170731;    3;  19.2;  10.0;    3;  14.4;   6;    8.050;   0;   6.3;  13.3;  886.18;   15.0;   78.63;   18.3;   11.3;   10.9;eor
        722;20170801;    3;  29.0;  15.4;    3;   1.4;   6;    3.933;   0;   7.4;  14.8;  886.65;   14.1;   92.25;   18.0;   12.1;   12.2;eor
        722;20170802;    3;  18.2;   8.4;    3;   2.7;   6;    4.300;   0;   7.5;  13.5;  888.80;   14.2;   83.96;   17.4;   12.1;   12.5;eor
        722;20170803;    3;  27.9;  14.9;    3;   0.0;   6;    4.200;   0;   6.6;  14.5;  883.57;   14.9;   85.25;   18.2;   11.6;   10.6;eor
        722;20170804;    3;  26.1;  15.2;    3;   0.1;   6;    5.383;   0;   5.6;  11.5;  882.64;   11.9;   82.58;   14.6;    9.6;    8.8;eor
        722;20170805;    3;  19.1;  11.4;    3;   4.3;   6;    0.833;   0;   6.4;  12.3;  884.57;   10.2;   98.63;   12.8;    7.0;    6.1;eor
        722;20170806;    3;  16.5;   7.5;    3;   0.2;   6;   10.067;   0;   4.6;   9.3;  890.72;    9.4;   80.04;   13.7;    5.9;    2.8;eor
        722;20170807;    3;  15.3;   7.0;    3;   0.0;   0;   12.450;   0;   3.1;   8.8;  890.25;   12.2;   62.08;   16.1;    8.6;    3.7;eor
        722;20170808;    3;  19.7;  10.2;    3;   0.0;   6;    7.083;   0;   7.0;  11.6;  883.53;   13.5;   75.25;   17.2;   10.7;    9.5;eor
        722;20170809;    3;  18.3;   9.7;    3;   0.1;   6;    9.417;   0;   6.0;  10.7;  886.26;   11.2;   81.42;   14.9;    8.0;    4.3;eor
        722;20170810;    3;  18.0;   9.1;    3;  19.9;   6;    0.300;   0;   7.8;  10.8;  888.43;    9.5;   90.75;   11.1;    8.0;    8.8;eor
        722;20170811;    3;  21.3;  11.0;    3;  27.0;   6;    0.000;   0;   8.0;  11.1;  883.10;    8.5;  100.00;   10.0;    6.3;    6.6;eor
        722;20170812;    3;  21.2;  13.5;    3;   7.0;   6;    0.033;   0;   8.0;  10.3;  883.65;    7.2;  100.00;   10.2;    4.3;    4.7;eor
        722;20170813;    3;  16.1;   5.9;    3;   0.4;   6;    3.817;   0;   5.8;  10.9;  889.10;   10.1;   88.79;   13.6;    8.0;    0.6;eor
        722;20170814;    3;  14.8;   6.4;    3;   0.0;   0;    9.117;   0;   4.3;  11.3;  891.86;   11.8;   82.42;   15.4;    8.5;    3.3;eor
        722;20170815;    3;  20.4;  10.4;    3;   4.2;   6;    7.800;   0;   6.5;  12.9;  888.85;   15.7;   72.71;   19.5;   13.2;   11.5;eor
        722;20170816;    3;  14.2;   5.7;    3;   0.5;   6;    4.533;   0;   6.4;  13.7;  891.00;   13.2;   90.67;   17.3;   11.2;    8.0;eor
        722;20170817;    3;  21.6;  11.1;    3;   2.5;   6;    1.667;   0;   7.0;  14.7;  888.27;   13.4;   95.08;   16.2;   11.7;   10.9;eor
        722;20170818;    3;  23.2;  11.9;    3;  29.2;   6;    0.117;   0;   8.0;  14.2;  884.07;   12.2;   99.67;   13.9;    9.2;    9.5;eor
        722;20170819;    3;  23.2;  13.8;    3;   1.2;   6;    2.533;   0;   7.0;  10.1;  885.01;    7.5;   96.83;    9.5;    5.1;    5.5;eor
        722;20170820;    3;  17.9;  11.6;    3;   8.4;   6;    3.100;   0;   7.6;   9.6;  889.18;    7.1;   95.83;   10.5;    5.7;    5.6;eor
        722;20170821;    3;  17.9;   9.4;    3;   0.3;   6;    4.183;   0;   6.3;   9.4;  890.78;    7.5;   90.92;   10.6;    5.4;    4.3;eor
        722;20170822;    3;  10.8;   6.1;    3;   0.2;   1;    5.767;   0;   4.6;   9.4;  890.11;    8.1;   87.88;   11.8;    5.4;   -3.4;eor
        722;20170823;    3;   9.7;-999;    3;   0.0;   0;   12.600;   0;   2.7;   9.5;  888.20;   10.8;   73.83;   17.1;    5.8;   -3.8;eor
        722;20170824;    3;-999;   9.5;    3;   0.3;   6;    2.200;   0;   6.6;  12.4;  886.48;   12.4;   86.67;   15.1;   10.1;    9.3;eor
        722;20170825;    3;  12.9;   6.4;    3;   0.0;   0;    7.783;   0;   6.3;  11.7;  888.76;   12.2;   83.38;   16.7;    9.7;    9.2;eor
        722;20170826;    3;  17.5;   7.1;    3;   0.1;   6;    0.650;   0;   7.0;  14.8;  887.08;   13.4;   96.08;   16.0;   10.3;    9.1;eor
        722;20170827;    3;  15.8;   8.1;    3;   0.1;   6;    7.150;   0;   5.5;  11.4;  887.92;   11.1;   86.71;   14.7;    8.8;    6.3;eor
        722;20170828;    3;  10.2;   5.0;    3;   0.0;   0;   11.683;   0;   1.8;  10.0;  890.18;   11.4;   74.25;   15.2;    8.4;    5.1;eor
        722;20170829;    3;   9.7;   6.0;    3;   0.0;   0;   13.050;   0;   0.6;  12.3;  887.85;   15.7;   68.92;   20.0;   10.8;    8.1;eor
        722;20170830;    3;  20.2;  12.8;    3;   0.0;   0;    9.950;   0;   4.3;  14.9;  882.94;   17.9;   72.88;   21.6;   15.0;   13.1;eor
        722;20170831;    3;  20.4;  11.4;    3;   8.2;   6;    0.000;   0;   8.0;  13.2;  884.16;   10.8;   99.79;   15.0;    5.9;    5.9;eor
        722;20170901;    3;   9.3;   4.8;    3;   0.2;   6;    3.917;   0;   6.5;   8.9;  888.81;    7.0;   89.17;    9.8;    5.5;    3.2;eor
        722;20170902;    3;  10.7;   5.4;    3;   0.0;   6;    1.867;   0;   5.1;   8.9;  887.45;    6.8;   89.88;    9.7;    5.6;    2.6;eor
        722;20170903;    3;   7.8;   3.6;    3;   0.1;   6;    5.967;   0;   3.9;   8.6;  885.87;    7.5;   82.75;   12.5;    5.2;   -1.8;eor
        722;20170904;    3;  10.5;   5.8;    3;   0.0;   0;   10.450;   0;   1.5;   8.6;  886.13;    9.4;   72.79;   13.9;    5.7;    2.5;eor
        722;20170905;    3;  15.8;   5.9;    3;   2.1;   6;    5.217;   0;   5.1;  11.5;  888.17;   11.0;   86.79;   14.1;    8.0;    3.8;eor
        722;20170906;    3;  27.8;  14.5;    3;  12.9;   6;    0.050;   0;   8.0;  11.9;  882.61;    9.2;  100.00;   12.7;    4.9;    5.2;eor
        722;20170907;    3;  20.6;  12.7;    3;   6.5;   6;    0.950;   0;   7.9;   9.5;  882.22;    6.3;   99.17;    8.1;    4.8;    5.1;eor
        722;20170908;    3;  29.8;  18.1;    3;  13.8;   6;    0.000;   0;   8.0;  10.2;  874.75;    7.2;  100.00;    8.0;    6.4;    6.6;eor
        722;20170909;    3;  30.3;  16.6;    3;  10.0;   6;    0.017;   0;   7.9;  10.4;  868.84;    7.5;   99.96;    8.2;    6.3;    6.5;eor
        722;20170910;    3;  25.9;  11.3;    3;   0.5;   6;    5.583;   0;   5.9;   9.3;  873.77;    6.5;   95.92;    8.7;    5.2;    4.9;eor
        722;20170911;    3;  29.3;  17.9;    3;   3.5;   6;    1.467;   0;   6.8;   9.3;  869.09;    6.0;   99.00;    7.6;    5.1;    5.1;eor
        722;20170912;    3;  25.2;  15.5;    3;  10.4;   6;    2.533;   0;   7.3;   9.1;  874.16;    5.7;   98.71;    7.5;    4.7;    4.0;eor
        722;20170913;    3;  41.4;  23.4;    3;  11.4;   6;    1.217;   0;   7.3;   9.0;  869.12;    6.0;   96.13;    9.2;    4.2;    4.5;eor
        722;20170914;    3;  29.5;  18.5;    3;  13.7;   8;    0.117;   0;   8.0;   8.2;  869.50;    4.2;  100.00;    5.9;    2.5;    2.8;eor
        722;20170915;    1;  22.4;  13.6;    3;   2.4;   8;    1.550;   0;   7.7;   8.4;  878.82;    4.4;   99.38;    5.8;    3.2;    3.0;eor
        722;20170916;    1;  12.5;   7.8;    1;   0.0;   0;    7.067;   0;   4.4;   7.6;  880.03;    4.4;   90.75;    7.3;    2.3;    1.4;eor
        722;20170917;    1;  10.6;   4.9;    1;   6.0;   6;    2.083;   0;   5.5;   7.4;  881.75;    5.2;   84.13;    9.5;    2.8;    0.8;eor
        722;20170918;    1;  14.7;   8.5;    1;   2.1;   8;    3.667;   0;   4.8;   7.8;  882.55;    4.4;   92.96;    7.4;    2.4;    0.7;eor
        722;20170919;    1;  13.4;   7.8;    1;   0.9;   6;    1.000;   0;   7.3;   8.2;  884.56;    4.5;   97.58;    7.4;    3.2;    2.7;eor
        722;20170920;    1;  16.1;   9.2;    1;   1.2;   6;    0.817;   0;   7.9;   8.4;  887.24;    4.7;   98.50;    6.8;    3.7;    3.4;eor
        722;20170921;    1;   7.3;   3.1;    1;   0.0;   0;    2.933;   0;   5.7;   8.6;  889.37;    6.7;   87.33;   10.2;    4.3;   -0.2;eor
        722;20170922;    1;   5.3;   2.5;    1;   0.0;   0;    2.050;   0;   5.5;   8.9;  889.47;    7.7;   84.42;   12.1;    5.8;   -0.6;eor
        722;20170923;    1;   9.7;   4.7;    1;   0.5;   6;    2.917;   0;   7.4;   9.9;  891.20;    7.7;   94.75;   10.8;    6.2;    4.8;eor
        722;20170924;    1;  13.1;   6.5;    1;   4.4;   6;    0.000;   0;   8.0;  10.1;  890.48;    7.1;   99.71;    8.3;    5.3;    5.8;eor
        722;20170925;    1;  11.1;   5.5;    1;  15.5;   8;    0.067;   0;   7.9;  10.2;  890.10;    7.2;   99.92;    8.3;    5.7;    5.9;eor
        722;20170926;    1;  14.6;   7.4;    1;   0.9;   6;    1.333;   0;   7.8;  10.2;  891.50;    7.4;   99.00;    8.8;    6.0;    6.1;eor
        722;20170927;    1;  12.3;   7.0;    1;   0.8;   6;    3.433;   0;   6.7;  11.2;  893.01;    8.9;   98.25;   11.0;    7.5;    7.2;eor
        722;20170928;    1;  12.7;   7.5;    1;   0.5;   6;    0.667;   0;   6.6;  11.7;  893.49;   10.0;   94.54;   11.1;    8.2;    5.5;eor
        722;20170929;    1;  13.0;   7.2;    1;   4.0;   6;    3.117;   0;   7.2;  12.8;  891.86;   11.4;   94.96;   14.2;   10.3;    9.1;eor
        722;20170930;    1;  17.6;   8.8;    1;  16.8;   6;    0.000;   0;   7.7;  12.4;  886.62;   10.4;   98.33;   11.9;    5.8;    6.1;eor
        722;20171001;    1;  21.4;   7.6;    1;   0.0;   6;    5.833;   0;   4.1;   8.4;  888.17;    5.8;   90.46;   10.7;    2.9;    3.1;eor
        722;20171002;    1;  32.6;  19.8;    1;  21.1;   6;    0.117;   0;   7.4;   9.5;  881.32;    6.6;   96.67;    8.0;    4.5;    3.9;eor
        722;20171003;    1;  22.2;  13.1;    1;   8.4;   6;    0.100;   0;   7.9;   8.6;  883.37;    4.8;  100.00;    5.5;    3.5;    3.8;eor
        722;20171004;    1;  32.3;  18.6;    1;   5.6;   6;    0.000;   0;   8.0;   7.8;  884.37;    3.3;  100.00;    3.7;    3.0;    3.4;eor
        722;20171005;    1;  49.1;  21.3;    1;  20.3;   6;    0.000;   0;   8.0;   8.1;  874.07;    3.8;  100.00;    6.9;    2.1;    2.4;eor
        722;20171006;    1;  26.2;  16.1;    1;  12.5;   6;    0.000;   0;   8.0;   7.6;  880.20;    3.0;  100.00;    4.5;    2.1;    2.2;eor
        722;20171007;    1;  31.0;  17.7;    1;  23.2;   6;    0.000;   0;   8.0;   7.5;  880.89;    2.9;  100.00;    4.0;    1.7;    2.2;eor
        722;20171008;    1;  21.3;  11.3;    1;   9.4;   6;    0.600;   0;   7.9;   7.9;  880.83;    3.6;   99.96;    5.2;    1.4;    1.1;eor
        722;20171009;    1;  18.2;  11.0;    1;   5.4;   6;    0.900;   0;   7.8;   7.5;  884.34;    2.8;   99.54;    4.8;    1.4;    1.5;eor
        722;20171010;    1;  24.7;  13.1;    1;  13.0;   6;    0.000;   0;   8.0;   9.4;  882.57;    6.0;  100.00;    7.1;    4.6;    4.8;eor
        722;20171011;    1;  31.6;  18.2;    1;   6.5;   6;    0.000;   0;   8.0;   9.7;  883.08;    6.6;  100.00;    7.2;    5.4;    5.6;eor
        722;20171012;    1;  34.1;  20.1;    1;   1.4;   6;    2.017;   0;   7.6;   8.9;  884.65;    5.5;   98.29;    7.4;    4.2;    4.2;eor
        722;20171013;    1;  23.9;  15.3;    1;   0.8;   6;    0.767;   0;   7.7;   9.9;  891.50;    6.9;   99.46;    8.9;    4.3;    4.3;eor
        722;20171014;    1;  20.2;  12.8;    1;   0.7;   6;    5.000;   0;   6.1;  12.2;  894.57;   10.2;   97.83;   12.7;    8.6;    8.7;eor
        722;20171015;    1;  17.0;  10.5;    1;   0.0;   0;   10.283;   0;   0.7;  10.6;  894.38;   12.4;   74.17;   15.3;   10.7;    7.7;eor
