STATIONS_ID;MESS_DATUM;QN_3;  FX;  FM;QN_4; RSK;RSKF; SDK;SHK_TAG;  NM; VPM;  PM; TMK; UPM; TXK; TNK; TGK;eor
       5516;20160415;   10;   9.5;   4.2;    3;   2.9;   4;    0.500;   0;   6.7;   9.8; 1002.00;    8.1;   90.38;    9.9;    5.6;    4.6;eor
       5516;20160416;   10;  15.8;   6.0;    3;   3.7;   4;    6.617;   0;   5.7;   9.9;  997.58;    9.5;   84.17;   13.4;    5.8;    4.6;eor
       5516;20160417;   10;  16.2;  10.7;    3;   0.0;   4;   12.383;   0;   2.4;   8.0; 1005.91;    7.5;   77.46;    9.6;    5.4;    4.1;eor
       5516;20160418;   10;  16.1;   9.5;    3;   0.0;   4;    1.583;   0;   6.7;   8.2; 1014.14;    7.5;   78.92;    9.3;    5.1;    4.0;eor
       5516;20160419;   10;  19.8;  12.6;    3;   0.0;   4;    9.667;   0;   3.8;   8.6; 1017.24;    7.9;   80.75;    9.2;    6.9;    5.8;eor
       5516;20160420;   10;  16.8;   9.8;    3;   0.0;   0;   11.117;   0;   2.4;   8.3; 1026.03;    7.7;   78.83;    9.5;    6.3;    5.5;eor
       5516;20160421;   10;  16.3;   8.3;    3;   0.0;   0;   11.500;   0;   2.6;   8.8; 1022.81;    7.9;   82.33;   10.4;    6.1;    5.0;eor
       5516;20160422;   10;  17.5;   8.6;    3;   0.0;   0;   13.150;   0;   1.5;   7.9; 1015.98;    7.6;   75.33;   10.1;    5.5;    4.5;eor
       5516;20160423;   10;  12.5;   7.8;    3;   2.2;   4;    9.933;   0;   4.9;   7.2; 1009.04;    6.3;   75.29;    8.7;    4.8;    3.5;eor
       5516;20160424;   10;  12.5;   5.4;    3;   1.2;   4;    7.667;   0;   6.2;   6.9; 1007.40;    4.5;   81.83;    6.3;    2.7;    1.6;eor
       5516;20160425;   10;  11.8;   5.8;    3;   7.8;   4;    5.017;   0;   6.5;   6.9; 1002.28;    4.8;   80.25;    7.3;    3.6;    3.1;eor
       5516;20160426;   10;  13.9;   4.7;    3;   9.0;   4;    3.350;   0;   7.0;   6.9;  995.38;    3.7;   86.96;    7.3;    1.6;    0.6;eor
       5516;20160427;   10;  11.8;   2.7;    3;   4.6;   4;    3.667;   0;   7.2;   7.4;  997.95;    4.6;   87.96;    6.7;    2.3;    0.8;eor
       5516;20160428;   10;  12.3;   6.3;    3;   0.3;   4;    6.583;   0;   5.6;   7.7; 1008.20;    6.3;   81.58;    8.2;    4.2;    3.3;eor
       5516;20160429;   10;  14.1;   5.0;    3;   0.0;   4;    5.250;   0;   5.5;   8.0; 1013.88;    7.4;   78.17;   11.9;    2.5;    1.3;eor
       5516;20160430;   10;   7.3;   3.2;    3;   0.0;   4;    4.067;   0;   6.8;   8.9; 1018.39;    7.7;   85.04;   10.5;    4.5;    2.0;eor
       5516;20160501;   10;   9.2;   4.5;    3;   0.0;   0;   11.417;   0;   2.2;   9.3; 1025.52;    8.8;   82.21;   11.7;    6.2;    3.5;eor
       5516;20160502;   10;   9.1;   3.5;    3;   0.0;   0;   13.000;   0;   1.7;   9.1; 1022.78;   11.1;   70.54;   16.9;    4.0;    1.7;eor
       5516;20160503;   10;  13.1;   6.7;    3;   0.8;   4;    3.300;-999;   4.7;   9.9; 1018.15;   10.0;   80.83;   14.2;    8.1;    7.1;eor
       5516;20160504;   10;  10.7;   4.7;    3;   0.0;   0;   13.867;-999;   2.5;   9.2; 1027.45;    9.0;   80.96;   11.5;    5.3;    1.7;eor
       5516;20160505;   10;   8.2;   2.6;    3;   0.0;   0;   14.417;-999;   2.4;   8.9; 1027.31;   10.6;   71.75;   15.4;    4.0;    0.3;eor
       5516;20160506;   10;  12.2;   5.9;    3;   0.0;   0;   13.683;-999;   1.8;  10.6; 1019.96;   12.0;   75.71;   16.2;    7.3;    4.6;eor
       5516;20160507;   10;  14.0;   6.1;    3;   0.0;   0;   14.000;-999;   2.0;  11.2; 1016.93;   14.4;   68.63;   20.5;    8.5;    6.0;eor
       5516;20160508;   10;  13.1;   6.2;    3;   0.0;   0;   14.350;-999;   2.0;  11.6; 1019.87;   14.0;   73.50;   19.9;    8.8;    6.4;eor
       5516;20160509;   10;  13.3;   7.0;    3;   0.0;   0;   14.050;-999;   2.3;  12.0; 1020.48;   13.4;   78.00;   18.2;   10.8;    9.3;eor
       5516;20160510;   10;  12.1;   5.7;    3;   0.0;   0;   14.000;-999;   1.8;  12.7; 1015.67;   14.4;   78.08;   19.2;   10.1;    8.6;eor
       5516;20160511;   10;  16.2;   7.8;    3;   0.0;   0;   12.900;-999;   2.6;  12.7; 1011.72;   13.4;   83.21;   18.6;   10.1;    8.9;eor
       5516;20160512;   10;  14.4;   8.7;    3;   0.0;   0;   14.217;-999;   1.7;  11.0; 1007.73;   11.7;   80.54;   15.1;    9.1;    7.6;eor
       5516;20160513;   10;  12.0;   4.4;    3;   0.0;   0;   13.700;-999;   3.0;  10.7; 1003.03;   12.2;   76.21;   17.1;    8.5;    6.1;eor
       5516;20160514;   10;  13.2;   8.4;    3;   0.3;   4;    6.117;-999;   5.5;   9.6; 1003.98;    9.8;   78.96;   11.9;    7.6;    5.9;eor
       5516;20160515;   10;  16.6;   9.8;    3;   8.7;   4;    7.683;-999;   5.5;   9.4; 1009.20;    9.6;   78.33;   11.2;    6.9;    4.6;eor
       5516;20160516;   10;  17.8;  12.5;    3;   0.0;   4;   12.517;-999;   5.1;   9.2; 1012.11;    9.9;   75.38;   11.8;    8.5;    7.7;eor
       5516;20160517;   10;  14.3;   9.4;    3;   0.1;   4;    0.067;-999;   8.0;   9.6; 1011.17;   10.0;   77.71;   11.5;    8.7;    7.8;eor
       5516;20160518;   10;   9.1;   3.8;    3;   0.0;   4;    7.167;-999;   5.5;  11.1; 1009.06;   12.1;   79.04;   17.2;    7.6;    6.9;eor
       5516;20160519;   10;   7.0;   2.9;    3;   0.0;   4;   10.550;-999;   5.7;  11.9; 1009.62;   14.7;   72.54;   19.4;   10.0;    8.9;eor
       5516;20160520;   10;   9.8;   4.4;    3;   0.7;   4;    1.733;-999;   7.7;  13.6; 1013.34;   14.0;   85.42;   16.7;   12.0;   11.0;eor
       5516;20160521;   10;   7.9;   3.3;    3;   0.0;   4;    4.000;-999;   6.4;  14.0; 1013.85;   15.7;   79.63;   20.3;   10.9;    9.5;eor
       5516;20160522;   10;  15.5;   5.2;    3;  10.1;   4;   10.217;-999;   5.5;  14.5; 1008.02;   18.8;   68.92;   25.7;   13.9;   13.0;eor
       5516;20160523;   10;   9.9;   3.7;    3;   3.5;   4;    2.433;-999;   7.3;  15.9; 1008.58;   14.8;   94.88;   16.8;   13.6;   13.4;eor
       5516;20160524;   10;  10.8;   6.2;    3;   0.1;   4;    0.000;-999;   8.0;  15.1; 1010.32;   13.4;   98.04;   14.3;   12.3;   12.2;eor
       5516;20160525;   10;   8.3;   5.0;    3;   0.0;   4;    4.167;-999;   6.2;  15.6; 1012.85;   14.0;   97.54;   15.9;   13.0;   12.1;eor
       5516;20160526;   10;   8.5;   3.4;    3;   0.1;   4;    0.667;-999;  -999;  14.2; 1015.59;   13.4;   92.25;   15.9;   11.5;   11.7;eor
       5516;20160527;   10;   5.6;   2.3;    3;   0.0;   0;    3.767;-999;   6.8;  13.0; 1017.19;   14.4;   79.75;   16.4;   12.0;   11.2;eor
       5516;20160528;   10;  11.3;   5.0;    3;   0.0;   0;    9.650;-999;   4.9;  13.8; 1015.97;   15.0;   81.38;   17.9;   12.6;   11.6;eor
       5516;20160529;   10;  12.3;   5.6;    3;   0.0;   0;    1.717;-999;   5.9;  16.0; 1010.65;   15.7;   89.67;   19.6;   12.9;   13.0;eor
       5516;20160530;   10;  16.3;   9.1;    3;   0.0;   4;    6.667;-999;   4.5;  16.5; 1007.65;   16.3;   88.54;   18.8;   14.7;   13.9;eor
       5516;20160531;   10;  13.4;   7.1;    3;   1.2;   4;   13.267;-999;   4.0;  16.7; 1011.38;   16.5;   88.83;   19.8;   13.9;   13.2;eor
       5516;20160601;   10;  13.3;   5.4;    3;   0.0;   0;    9.317;-999;   4.8;  17.0; 1013.14;   17.4;   86.08;   22.1;   14.4;   13.9;eor
       5516;20160602;   10;  13.5;   6.1;    3;   0.0;   0;   10.367;-999;   5.0;  17.0; 1012.20;   16.8;   89.13;   20.6;   13.9;   13.2;eor
       5516;20160603;   10;  10.5;   5.6;    3;   0.0;   0;   14.767;-999;   3.4;  16.5; 1013.53;   17.9;   81.21;   22.4;   14.0;   12.3;eor
       5516;20160604;   10;   5.3;   2.2;    3;   0.0;   0;   15.667;-999;   0.9;  16.3; 1013.70;   18.1;   78.71;   22.4;   13.3;   12.1;eor
       5516;20160605;   10;   9.6;   2.9;    3;   0.0;   0;   15.517;-999;   2.0;  16.1; 1016.72;   17.9;   79.08;   23.0;   12.3;   10.5;eor
       5516;20160606;   10;  14.0;   6.3;    3;   0.0;   0;   15.850;-999;   2.0;  13.5; 1022.08;   15.5;   76.79;   19.9;   10.3;    9.4;eor
       5516;20160607;   10;  11.2;   4.5;    3;   0.0;   0;   13.733;-999;   2.9;  13.2; 1021.04;   17.0;   68.83;   24.2;    9.2;    8.2;eor
       5516;20160608;   10;  12.4;   7.6;    3;   0.0;   4;    1.667;-999;   7.6;  14.3; 1016.32;   15.1;   82.79;   17.9;   13.0;   13.0;eor
       5516;20160609;   10;  14.0;   4.6;    3;   0.0;   0;   13.633;-999;   4.3;  12.8; 1015.14;   15.5;   73.46;   19.1;   12.5;   12.1;eor
       5516;20160610;   10;  17.0;   8.0;    3;   0.0;   4;    8.983;-999;   5.6;  12.0; 1009.54;   14.7;   72.33;   17.7;   12.3;   11.7;eor
       5516;20160611;   10;   8.4;   3.8;    3;   0.0;   4;   15.133;-999;   2.5;   9.5; 1012.44;   14.3;   58.92;   17.7;   10.4;    9.3;eor
       5516;20160612;   10;   9.4;   4.4;    3;   2.2;   4;    0.033;-999;   7.9;  11.5; 1010.41;   13.0;   77.25;   15.7;   10.2;    9.6;eor
       5516;20160613;   10;  13.5;   7.0;    3;   0.0;   4;    4.783;-999;   7.7;  14.3; 1002.83;   14.3;   88.00;   17.3;   11.9;   11.5;eor
       5516;20160614;   10;   8.3;   4.6;    3;   0.0;   4;    3.217;-999;   7.3;  15.1;  998.03;   14.9;   88.79;   18.0;   12.5;   11.0;eor
       5516;20160615;   10;   7.1;   2.6;    3;   0.0;   4;    3.067;-999;   7.8;  15.8;  998.53;   15.5;   89.38;   18.9;   12.9;   12.2;eor
       5516;20160616;   10;   7.0;   2.6;    3;   0.0;   4;    5.900;-999;   6.3;  15.3; 1001.33;   15.9;   85.42;   18.7;   12.5;   10.6;eor
       5516;20160617;   10;  13.3;   4.7;    3;   0.0;   0;    4.033;-999;   7.6;  16.5; 1002.21;   16.5;   87.67;   19.3;   13.1;   11.5;eor
       5516;20160618;   10;  12.8;   8.6;    3;   0.0;   4;   10.717;-999;   3.5;  14.6; 1010.88;   16.3;   78.75;   18.6;   14.2;   13.2;eor
       5516;20160619;   10;  12.7;   8.4;    3;   0.0;   0;    2.717;-999;   7.5;  12.1; 1018.92;   15.1;   70.38;   16.8;   13.3;   12.1;eor
       5516;20160620;   10;  11.2;   4.6;    3;   7.9;   4;    9.750;-999;   5.3;  13.1; 1016.80;   16.4;   70.71;   20.8;   10.2;    9.3;eor
       5516;20160621;   10;  11.8;   4.4;    3;   0.0;   4;    9.933;-999;   4.8;  15.8; 1015.95;   16.7;   83.88;   20.1;   12.6;   11.3;eor
       5516;20160622;   10;   8.4;   2.7;    3;   1.3;   4;    6.450;-999;   4.9;  18.0; 1021.17;   18.3;   85.54;   23.1;   12.6;   11.2;eor
       5516;20160623;   10;  14.4;   4.0;    3;   3.8;   4;    7.567;-999;   6.2;  20.4; 1018.93;   21.4;   81.08;   26.9;   14.6;   13.3;eor
       5516;20160624;   10;   9.8;   2.8;    3;   0.5;   4;    4.300;-999;   7.4;  22.3; 1015.66;   21.0;   89.75;   23.7;   18.6;   17.9;eor
       5516;20160625;   10;  16.9;   6.4;    3;   1.7;   4;    1.500;-999;   7.9;  20.8; 1011.55;   19.1;   94.17;   22.2;   17.4;   17.1;eor
       5516;20160626;   10;  16.8;   7.7;    3;   0.0;   4;   10.967;-999;   4.0;  15.2; 1012.29;   17.7;   75.79;   20.7;   15.3;   14.3;eor
       5516;20160627;   10;  12.7;   6.0;    3;   0.8;   4;    7.750;-999;   5.0;  14.9; 1014.04;   17.2;   76.17;   21.4;   13.2;   12.2;eor
       5516;20160628;   10;   8.7;   4.4;    3;   3.2;   4;    7.950;-999;   6.8;  13.3; 1015.14;   16.1;   73.08;   18.6;   11.4;    9.8;eor
       5516;20160629;   10;  14.5;   4.3;    3;   9.9;   4;    3.917;-999;   7.0;  15.2; 1009.19;   15.9;   84.83;   20.0;   12.8;   12.3;eor
       5516;20160630;   10;  11.0;   3.7;    3;   0.4;   4;    0.833;-999;   7.9;  16.0; 1009.88;   16.9;   83.54;   20.0;   13.0;   12.7;eor
       5516;20160701;   10;  13.0;   4.8;    3;   2.0;   4;    1.367;-999;   8.0;  17.8; 1009.55;   18.5;   83.83;   21.5;   16.7;   15.7;eor
       5516;20160702;   10;  13.7;   6.3;    3;   2.6;   4;    1.967;-999;   6.8;  15.3; 1009.24;   16.1;   82.96;   18.6;   12.8;   11.6;eor
       5516;20160703;   10;  16.7;   6.8;    3;   2.5;   4;   12.550;-999;   3.0;  13.1; 1015.38;   15.4;   75.25;   18.5;   11.4;   10.2;eor
       5516;20160704;   10;  14.0;   6.5;    3;   0.0;   4;   10.717;-999;   4.6;  13.5; 1017.77;   16.4;   72.42;   19.5;   13.7;   12.3;eor
       5516;20160705;   10;  19.3;   5.3;    3;  11.5;   4;    5.167;-999;   6.9;  15.5; 1009.06;   16.8;   81.79;   22.4;   12.1;   10.3;eor
       5516;20160706;   10;  21.4;  15.1;    3;   0.0;   4;    7.733;-999;   6.2;  13.2; 1010.91;   15.4;   75.21;   17.4;   13.9;   12.7;eor
       5516;20160707;   10;  14.3;   8.0;    3;   0.0;   0;    9.017;-999;   4.5;  13.7; 1017.19;   16.2;   74.08;   18.8;   13.8;   13.0;eor
       5516;20160708;   10;  19.1;   5.4;    3;   5.4;   4;    6.267;-999;   6.0;  15.8; 1011.20;   17.4;   80.08;   21.5;   15.9;   14.8;eor
       5516;20160709;   10;  17.0;   9.0;    3;   0.4;   4;    5.350;-999;   7.7;  15.5; 1013.11;   17.1;   79.50;   19.6;   14.9;   14.5;eor
       5516;20160710;   10;  11.6;   3.8;    3;   3.6;   4;    1.800;-999;   8.0;  18.7; 1008.45;   19.3;   83.58;   22.6;   14.9;   14.7;eor
       5516;20160711;   10;  14.4;   5.8;    3;   0.9;   4;    5.533;-999;   7.7;  17.4; 1005.07;   19.0;   79.63;   21.4;   17.3;   16.5;eor
       5516;20160712;   10;  16.3;   7.5;    3;   5.9;   4;    9.683;-999;   4.9;  16.0; 1008.03;   17.9;   77.58;   20.3;   15.5;   14.8;eor
       5516;20160713;   10;  10.4;   4.1;    3;   0.0;   4;    4.617;-999;   6.6;  13.7; 1011.30;   16.5;   72.92;   18.0;   15.3;   14.0;eor
       5516;20160714;   10;  16.6;   8.8;    3;   0.0;   4;    7.217;-999;   7.5;  14.1; 1012.52;   16.1;   76.67;   17.9;   14.8;   13.5;eor
       5516;20160715;   10;  17.6;  12.1;    3;   0.0;   4;    1.000;-999;   7.6;  13.7; 1017.06;   15.7;   76.83;   17.2;   14.7;   13.8;eor
       5516;20160716;   10;  10.9;   6.2;    3;   0.1;   4;    0.750;-999;   7.8;  15.9; 1019.42;   16.5;   84.38;   18.8;   11.9;   11.5;eor
       5516;20160717;   10;  12.9;   5.8;    3;   0.6;   4;    4.033;-999;   6.6;  15.2; 1017.46;   16.3;   81.71;   18.3;   14.7;   14.5;eor
       5516;20160718;   10;  11.3;   7.0;    3;   0.0;   4;    1.700;-999;   7.9;  15.6; 1017.71;   16.8;   81.29;   18.9;   15.1;   15.0;eor
       5516;20160719;   10;  10.8;   3.6;    3;   0.0;   0;    5.983;-999;   5.8;  17.4; 1019.75;   18.1;   83.88;   21.9;   16.3;   15.0;eor
       5516;20160720;   10;  10.7;   4.2;    3;   0.0;   0;   15.167;-999;   0.8;  17.9; 1017.22;   20.4;   75.92;   25.3;   13.8;   12.8;eor
       5516;20160721;   10;  11.9;   5.4;    3;   2.4;   4;    8.900;-999;   5.3;  18.2; 1013.85;   20.3;   76.54;   25.5;   17.2;   16.1;eor
       5516;20160722;   10;  10.8;   4.9;    3;   0.0;   0;   10.333;-999;   6.7;  15.5; 1016.68;   21.3;   62.25;   25.6;   16.2;   14.9;eor
       5516;20160723;   10;   7.9;   3.5;    3;   0.0;   0;   10.900;-999;   8.0;  16.1; 1018.82;   20.7;   66.42;   25.2;   16.0;   14.5;eor
       5516;20160724;   10;   8.7;   4.2;    3;   0.0;   0;   11.117;-999;   5.0;  19.4; 1018.60;   20.5;   80.83;   23.7;   17.2;   15.9;eor
       5516;20160725;   10;  10.5;   3.1;    3;   1.7;   4;    6.533;-999;   6.8;  20.5; 1016.38;   21.0;   82.88;   25.2;   15.5;   14.5;eor
       5516;20160726;   10;   9.6;   4.9;    3;   0.0;   0;   12.983;-999;   5.8;  16.5; 1018.44;   19.3;   73.88;   21.7;   14.8;   13.2;eor
       5516;20160727;   10;   9.7;   3.7;    3;   0.0;   4;    0.633;-999;   7.7;  16.8; 1015.05;   18.6;   78.63;   21.1;   14.7;   13.5;eor
       5516;20160728;   10;  11.8;   4.4;    3;   3.6;   4;   12.967;-999;   5.0;  14.6; 1013.03;   18.7;   68.17;   21.1;   15.7;   14.4;eor
       5516;20160729;   10;  11.1;   3.3;    3;   1.5;   4;    4.367;-999;   7.3;  18.0; 1008.72;   19.2;   81.63;   22.8;   16.3;   16.1;eor
       5516;20160730;   10;  12.3;   6.7;    3;   1.6;   4;    7.367;-999;   6.0;  17.4; 1008.85;   18.9;   79.71;   21.4;   17.6;   16.2;eor
       5516;20160731;   10;  10.1;   3.4;    3;   1.7;   4;    3.017;-999;   7.6;  14.1; 1011.50;   17.2;   71.38;   18.7;   15.2;   14.2;eor
       5516;20160801;   10;  12.2;   8.2;    3;   0.0;   4;    8.867;-999;   4.7;  14.6; 1013.43;   17.4;   73.75;   19.7;   15.5;   14.3;eor
       5516;20160802;   10;  10.6;   4.0;    3;   0.4;   4;    9.717;-999;   3.4;  13.3; 1013.18;   17.2;   68.54;   20.3;   14.0;   12.0;eor
       5516;20160803;   10;  14.4;   5.1;    3;   5.9;   4;    0.017;-999;   7.3;  18.3; 1006.99;   17.6;   89.71;   20.7;   12.9;   11.3;eor
       5516;20160804;   10;  16.9;   6.5;    3;   0.0;   4;    7.083;-999;   7.0;  17.0; 1006.91;   19.1;   77.13;   22.4;   17.0;   15.9;eor
       5516;20160805;   10;  14.3;   6.9;    3;   0.2;   4;   10.933;-999;   6.6;  17.0; 1012.76;   18.9;   78.00;   21.5;   16.9;   15.9;eor
       5516;20160806;   10;  15.5;   9.2;    3;   1.6;   4;    6.267;-999;   5.7;  14.6; 1019.73;   17.3;   73.58;   19.3;   14.8;   14.4;eor
       5516;20160807;   10;  11.7;   6.9;    3;   0.1;   4;    2.483;-999;   6.8;  16.1; 1020.34;   18.7;   74.33;   23.3;   15.9;   14.9;eor
       5516;20160808;   10;  19.2;   9.7;    3;   2.1;   4;    6.067;-999;   6.7;  15.9; 1012.93;   18.0;   76.63;   20.7;   14.1;   13.0;eor
       5516;20160809;   10;  16.9;  10.4;    3;   0.9;   4;    4.950;-999;   7.6;  11.5; 1015.19;   15.1;   67.08;   16.9;   12.9;   12.2;eor
       5516;20160810;   10;  16.0;  10.1;    3;   0.1;   4;   10.767;-999;   5.2;  10.8; 1015.35;   14.2;   66.88;   16.5;   12.2;   11.1;eor
       5516;20160811;   10;  14.7;   7.0;    3;   0.8;   4;    5.267;-999;   6.6;  11.4; 1017.01;   13.7;   72.92;   16.3;   11.8;   11.4;eor
       5516;20160812;   10;  16.3;   6.0;    3;   0.1;   4;    0.100;-999;   7.2;  16.5; 1016.40;   16.5;   87.75;   18.6;   13.6;   13.3;eor
       5516;20160813;   10;  14.4;   8.3;    3;   0.0;   4;    3.050;-999;   6.7;  16.8; 1016.03;   17.6;   83.00;   19.8;   15.8;   14.8;eor
       5516;20160814;   10;  12.7;   7.9;    3;   0.0;   4;    7.067;-999;   5.8;  15.0; 1019.70;   16.8;   78.38;   19.5;   15.2;   14.3;eor
       5516;20160815;   10;  10.8;   6.2;    3;   0.0;   0;    6.900;-999;   5.1;  14.0; 1022.24;   16.4;   74.92;   18.4;   14.9;   13.8;eor
       5516;20160816;   10;   8.5;   4.1;    3;   0.0;   4;    9.183;-999;   2.8;  14.1; 1019.05;   15.7;   78.79;   19.0;   11.5;    8.2;eor
       5516;20160817;   10;   8.8;   4.0;    3;   0.1;   4;   13.733;-999;   1.3;  14.8; 1015.01;   17.1;   76.46;   19.5;   14.4;   12.0;eor
       5516;20160818;   10;  10.5;   5.6;    3;   0.0;   0;    8.017;-999;   6.5;  15.0; 1009.83;   17.1;   77.00;   19.1;   14.9;   14.7;eor
       5516;20160819;   10;   6.4;   3.4;    3;   0.1;   4;    8.217;-999;   5.5;  15.5; 1010.35;   17.6;   77.50;   21.2;   14.2;   12.5;eor
       5516;20160820;   10;   9.2;   3.1;    3;   1.4;   4;    2.117;-999;   7.4;  17.0; 1009.99;   18.4;   80.46;   21.8;   15.2;   13.5;eor
       5516;20160821;   10;  11.2;   3.4;    3;   0.2;   4;    8.417;-999;   3.8;  15.3; 1013.58;   17.3;   78.88;   22.9;   11.6;   10.1;eor
       5516;20160822;   10;  11.0;   5.8;    3;   4.8;   4;    6.367;-999;   7.0;  17.3; 1020.17;   18.0;   84.00;   21.0;   16.3;   15.4;eor
       5516;20160823;   10;  10.6;   4.4;    3;   0.0;   4;    4.483;-999;   7.7;  18.8; 1023.95;   18.6;   87.88;   20.8;   14.9;   12.9;eor
       5516;20160824;   10;   8.9;   3.8;    3;   0.0;   0;   12.450;-999;   3.1;  18.3; 1023.88;   19.6;   81.04;   24.7;   13.1;   11.5;eor
       5516;20160825;   10;  11.7;   5.6;    3;   0.0;   0;   13.083;-999;   2.4;  16.4; 1018.25;   24.2;   56.25;   30.6;   18.8;   17.9;eor
       5516;20160826;   10;  10.8;   6.0;    3;   0.0;   4;   12.450;-999;   3.6;  18.7; 1014.61;   23.1;   67.63;   31.8;   18.5;   17.9;eor
       5516;20160827;   10;   7.9;   3.5;    3;  11.7;   4;   11.033;-999;   3.8;  15.4; 1019.91;   18.8;   71.25;   21.6;   16.8;   15.3;eor
       5516;20160828;   10;  17.2;   5.9;    3;   0.5;   4;    5.367;-999;   7.1;  18.4; 1011.53;   19.4;   81.33;   24.5;   15.3;   14.9;eor
       5516;20160829;   10;  16.5;  10.8;    3;   0.0;   4;    7.083;-999;   4.4;  15.7; 1013.25;   17.9;   76.58;   19.3;   16.2;   15.2;eor
       5516;20160830;   10;  13.1;   7.5;    3;   0.0;   0;   10.967;-999;   2.3;  15.9; 1022.68;   18.1;   76.38;   20.5;   16.1;   15.0;eor
       5516;20160831;   10;   8.8;   3.5;    3;   0.0;   0;   10.567;-999;   5.2;  15.1; 1020.33;   19.4;   69.50;   24.5;   15.3;   13.5;eor
       5516;20160901;   10;  13.4;   5.4;    3;   2.3;   4;    8.133;-999;   5.1;  16.7; 1018.13;   18.5;   78.42;   21.4;   16.7;   15.6;eor
       5516;20160902;   10;  10.8;   4.7;    3;   0.3;   4;    5.067;-999;   6.8;  15.3; 1017.05;   17.8;   74.96;   20.1;   15.4;   14.0;eor
       5516;20160903;   10;  11.6;   6.2;    3;  14.3;   4;    4.933;-999;   7.4;  16.5; 1013.33;   18.1;   79.83;   20.4;   16.4;   14.9;eor
       5516;20160904;   10;  10.0;   3.3;    3;   3.0;   4;    1.400;-999;   7.7;  17.2; 1006.17;   17.0;   88.38;   21.2;   13.4;   13.3;eor
       5516;20160905;   10;  11.3;   4.7;    3;   0.0;   0;   10.250;-999;   4.0;  15.1; 1015.97;   17.2;   77.42;   20.4;   12.7;    9.9;eor
       5516;20160906;   10;   7.3;   2.8;    3;   0.0;   0;   11.550;-999;   5.1;  14.9; 1025.51;   17.3;   76.79;   21.8;   11.1;    8.9;eor
       5516;20160907;   10;   7.3;   2.9;    3;   0.0;   0;   11.433;-999;   3.7;  15.8; 1021.25;   19.2;   71.96;   23.7;   15.4;   13.5;eor
       5516;20160908;   10;  10.2;   3.7;    3;   0.0;   0;   11.517;-999;   1.5;  18.0; 1012.47;   20.0;   77.13;   25.2;   14.0;   10.5;eor
       5516;20160909;   10;  10.8;   4.6;    3;   0.0;   0;    7.867;-999;   2.4;  18.0; 1014.87;   19.1;   81.46;   21.2;   16.4;   13.9;eor
       5516;20160910;   10;   9.5;   3.6;    3;   0.0;   4;   11.183;-999;   0.8;  15.8; 1015.97;   19.5;   71.58;   24.5;   14.4;   12.0;eor
       5516;20160911;   10;   7.9;   3.8;    3;   0.0;   0;    6.817;-999;   6.8;  18.0; 1016.46;   19.4;   80.04;   21.3;   14.9;   12.9;eor
       5516;20160912;   10;  11.1;   4.8;    3;   0.0;   0;   11.050;-999;   1.2;  18.8; 1018.81;   19.7;   82.08;   24.0;   14.7;   12.7;eor
       5516;20160913;   10;   8.9;   4.8;    3;   0.0;   0;   10.883;-999;   1.0;  20.4; 1017.69;   21.1;   81.79;   25.3;   16.8;   15.0;eor
       5516;20160914;   10;  11.2;   5.7;    3;   0.0;   0;   10.883;-999;   1.0;  19.4; 1017.76;   20.5;   80.29;   24.6;   17.6;   15.4;eor
       5516;20160915;   10;  10.2;   4.8;    3;   0.0;   0;   11.150;-999;   0.5;  17.5; 1016.41;   19.0;   79.75;   23.5;   13.7;   12.2;eor
       5516;20160916;   10;  11.7;   5.8;    3;   0.0;   4;    7.950;-999;   6.1;  17.1; 1012.39;   18.6;   80.08;   22.6;   14.9;   12.7;eor
       5516;20160917;   10;  13.7;   8.1;    3;   0.0;   0;    5.333;-999;   7.0;  16.6; 1016.11;   17.8;   80.75;   20.1;   15.4;   14.5;eor
       5516;20160918;   10;  12.9;   6.9;    3;   0.3;   4;    1.650;-999;   7.0;  13.1; 1018.58;   15.8;   72.63;   18.0;   14.3;   13.0;eor
       5516;20160919;   10;   7.9;   4.0;    3;   0.0;   0;    1.617;-999;   7.8;  12.0; 1019.38;   15.6;   67.67;   17.8;   12.9;   10.5;eor
       5516;20160920;   10;   9.9;   4.4;    3;   0.7;   4;    4.633;-999;   7.9;  13.9; 1019.38;   16.3;   75.08;   18.5;   12.1;    9.0;eor
       5516;20160921;   10;   8.8;   4.2;    3;   0.0;   0;    7.550;-999;   5.7;  14.0; 1020.31;   15.8;   77.54;   18.8;   11.2;    8.5;eor
       5516;20160922;   10;   7.1;   2.9;    3;   0.0;   0;    7.900;-999;   7.6;  11.7; 1021.09;   14.5;   72.38;   19.4;    9.3;    7.3;eor
       5516;20160923;   10;  11.8;   4.7;    3;   0.5;   4;    4.133;-999;   6.6;  14.7; 1020.37;   16.4;   78.33;   19.0;   13.9;   12.1;eor
       5516;20160924;   10;   8.3;   4.0;    3;   0.0;   0;    9.267;-999;   6.6;  13.0; 1022.63;   15.9;   72.38;   19.5;   13.4;   12.0;eor
       5516;20160925;   10;  10.8;   4.9;    3;   0.0;   0;    9.067;-999;   6.8;  13.2; 1019.10;   17.4;   66.88;   22.3;   13.4;   12.2;eor
       5516;20160926;   10;   9.7;   4.0;    3;   0.1;   4;    2.167;-999;   7.6;  15.5; 1021.01;   16.4;   82.42;   18.0;   14.2;   13.2;eor
       5516;20160927;   10;   9.4;   3.0;    3;   0.0;   0;    8.433;-999;   5.4;  14.9; 1023.49;   17.0;   77.50;   20.3;   15.4;   13.7;eor
       5516;20160928;   10;  18.9;  10.7;    3;   0.0;   4;    3.533;-999;   7.8;  14.8; 1015.38;   17.5;   73.83;   19.2;   16.6;   15.4;eor
       5516;20160929;   10;  22.0;   9.5;    3;   3.2;   4;    0.000;-999;   7.9;  15.8; 1007.97;   16.9;   81.79;   18.9;   14.4;   13.5;eor
       5516;20160930;   10;  17.9;   8.7;    3;   0.6;   4;    2.217;-999;   6.4;  12.6; 1008.85;   14.4;   76.50;   16.1;   12.7;   11.2;eor
       5516;20161001;   10;  10.6;   3.8;    3;   1.3;   4;    3.000;-999;   7.6;  12.5; 1009.16;   13.6;   80.50;   16.9;   10.1;    8.9;eor
       5516;20161002;   10;   7.5;   2.3;    3;   0.6;   4;    4.300;-999;   6.5;  12.5; 1009.53;   12.9;   84.42;   16.4;   10.5;    8.2;eor
       5516;20161003;   10;  15.3;   6.1;    3;   4.0;   4;    4.817;-999;   5.3;  13.1; 1022.82;   13.8;   82.88;   16.2;   11.1;    7.8;eor
       5516;20161004;   10;  14.7;   9.0;    3;   0.0;   0;    9.400;-999;   2.4;  10.2; 1036.80;   12.3;   70.96;   14.7;   10.0;    9.0;eor
       5516;20161005;   10;  16.0;   9.1;    3;   0.0;   0;    6.600;-999;   3.2;   8.6; 1035.08;   10.3;   68.71;   12.6;    8.7;    7.7;eor
       5516;20161006;   10;  16.4;  10.4;    3;   0.0;   4;    0.000;-999;   7.9;   9.8; 1025.93;   10.7;   75.54;   12.1;    9.3;    9.2;eor
       5516;20161007;   10;  15.3;   9.2;    3;   0.0;   0;    0.000;-999;   6.6;  10.1; 1022.97;   10.8;   77.79;   11.9;    9.6;    8.9;eor
       5516;20161008;   10;  14.5;   8.5;    3;   0.2;   4;    7.083;-999;   4.5;   9.2; 1023.89;   10.4;   73.08;   12.6;    9.2;    8.1;eor
       5516;20161009;   10;  10.5;   4.8;    3;   0.6;   4;    1.200;-999;   7.3;   9.1; 1022.86;    8.9;   79.92;    9.8;    7.8;    6.6;eor
       5516;20161010;   10;  15.1;   7.0;    3;  10.0;   4;    0.000;-999;   6.5;  11.4; 1022.80;   10.2;   91.33;   10.9;    9.5;    7.9;eor
       5516;20161011;   10;  15.7;  10.7;    3;  11.3;   4;    0.000;-999;   7.6;  11.2; 1022.79;    9.8;   92.54;   10.7;    9.0;    8.5;eor
       5516;20161012;   10;  15.8;   7.7;    3;   5.7;   4;    0.200;-999;   7.8;  10.4; 1024.09;    9.5;   87.46;   10.8;    8.5;    7.7;eor
       5516;20161013;   10;  16.8;   6.7;    3;   0.0;   4;    2.767;-999;   7.7;   9.3; 1023.48;    9.7;   77.25;   12.3;    7.9;    6.9;eor
       5516;20161014;   10;  16.7;   9.0;    3;   0.0;   0;    1.183;-999;   7.9;   8.7; 1017.66;    8.8;   76.71;   10.4;    7.0;    6.1;eor
       5516;20161015;   10;  17.5;   7.8;    3;   0.8;   4;    0.000;-999;   8.0;   9.8; 1014.63;    9.3;   83.83;    9.6;    8.9;    8.1;eor
       5516;20161016;   10;   8.3;   4.1;    3;   0.0;   0;    0.000;-999;   7.9;  11.1; 1022.53;    9.3;   94.38;    9.9;    8.8;    8.7;eor
       5516;20161017;   10;  10.5;   5.2;    3;   0.2;   4;    0.000;-999;   7.9;  11.0; 1022.20;    9.0;   96.00;    9.7;    8.3;    8.3;eor
       5516;20161018;   10;   9.7;   3.7;    3;  14.5;   4;    0.817;-999;   7.5;  12.5; 1017.21;   11.0;   95.00;   13.3;    9.6;    9.4;eor
       5516;20161019;   10;   7.0;   2.6;    3;  11.6;   4;    0.000;-999;   7.7;  11.2; 1011.94;    9.5;   93.71;   10.5;    7.9;    7.7;eor
       5516;20161020;   10;  12.2;   5.3;    3;   4.2;   4;    0.000;-999;   7.8;  10.6; 1013.94;    9.6;   88.71;   10.8;    7.4;    7.0;eor
       5516;20161021;   10;  10.8;   5.6;    3;   1.6;   4;    1.617;-999;   7.8;  10.3; 1012.81;    9.2;   88.46;   11.4;    8.4;    7.7;eor
       5516;20161022;   10;  11.6;   4.9;    3;   2.6;   4;    0.000;-999;   7.7;   9.5; 1013.52;    7.7;   90.08;    9.4;    6.3;    5.1;eor
       5516;20161023;   10;   5.5;   2.1;    3;   0.0;   4;    0.200;-999;   7.9;   9.5; 1015.05;    8.0;   88.29;   10.3;    5.9;    3.5;eor
       5516;20161024;   10;   7.9;   4.2;    3;   0.0;   0;    4.500;-999;   5.2;   9.8; 1017.49;    8.4;   88.83;   10.8;    5.2;    2.3;eor
       5516;20161025;   10;   7.6;   3.6;    3;   0.0;   0;    1.533;-999;   6.7;   9.8; 1021.86;    8.5;   88.58;   10.2;    7.1;    3.9;eor
       5516;20161026;   10;   7.9;   3.6;    3;   1.4;   4;    1.750;-999;   8.0;   9.4; 1026.87;    8.2;   86.25;    9.6;    6.7;    4.6;eor
       5516;20161027;   10;  12.0;   5.7;    3;   0.1;   4;    3.817;-999;   7.1;  12.3; 1025.15;   11.4;   90.88;   13.4;    8.1;    7.5;eor
       5516;20161028;   10;  16.3;   9.5;    3;   0.6;   4;    1.783;-999;   7.0;  11.7; 1023.53;   11.7;   84.79;   12.6;   10.5;    9.4;eor
       5516;20161029;   10;  18.4;  12.0;    3;   0.0;   0;    7.017;-999;   6.0;   9.9; 1026.86;   10.8;   76.38;   11.7;   10.2;    9.1;eor
       5516;20161030;   10;  15.5;   6.2;    3;   0.0;   4;    1.550;-999;   7.7;   9.3; 1027.66;   10.0;   76.13;   10.7;    9.0;    7.9;eor
       5516;20161031;   10;   7.9;   4.1;    3;   1.0;   4;    0.267;-999;   7.8;  12.3; 1025.39;   10.9;   93.88;   11.6;   10.2;    9.0;eor
       5516;20161101;   10;  17.8;   9.7;    3;   0.0;   4;    0.850;-999;   6.2;  10.8; 1014.12;   10.6;   83.92;   11.6;    8.9;    8.0;eor
       5516;20161102;   10;  19.8;  12.3;    3;   1.8;   4;    2.683;-999;   7.1;   7.8; 1009.06;    7.4;   75.50;    9.5;    4.0;    2.7;eor
       5516;20161103;   10;  12.0;   4.4;    3;   2.1;   4;    3.867;-999;   6.7;   6.9; 1017.21;    5.7;   74.96;    8.0;    3.8;    1.7;eor
       5516;20161104;   10;  13.5;   5.2;    3;   0.8;   4;    0.017;-999;   7.8;   9.0; 1009.03;    7.7;   85.96;    8.6;    6.7;    5.9;eor
       5516;20161105;   10;  10.5;   4.0;    3;   4.9;   4;    0.000;-999;   7.2;   8.7;  998.14;    6.4;   90.71;    7.3;    5.8;    4.9;eor
       5516;20161106;   10;  16.0;   5.4;    3;   1.1;   4;    0.033;-999;   7.5;   8.1;  997.78;    5.7;   88.00;    7.2;    3.7;    3.2;eor
       5516;20161107;   10;  14.6;   8.0;    3;   0.0;   4;    0.150;-999;   7.7;   5.6; 1008.05;    2.7;   75.71;    4.1;    0.9;    0.6;eor
       5516;20161108;   10;  12.5;   7.5;    3;   3.2;   4;    0.000;-999;   7.5;   5.2; 1008.55;   -0.2;   86.63;    1.1;   -1.4;   -0.9;eor
       5516;20161109;   10;  13.7;   5.1;    3;   0.0;   4;    6.567;-999;   6.1;   5.5; 1005.11;    1.4;   81.63;    2.6;   -0.7;   -2.0;eor
       5516;20161110;   10;  10.1;   3.7;    3;   0.0;   0;    2.083;-999;   7.8;   6.1; 1007.71;    3.0;   80.08;    4.5;    1.0;   -1.3;eor
       5516;20161111;   10;  10.2;   5.7;    3;   0.0;   4;    5.117;-999;   3.8;   6.9; 1019.65;    3.6;   87.04;    5.4;    1.2;   -2.1;eor
       5516;20161112;   10;   7.1;   2.9;    3;   0.0;   0;    2.867;-999;   3.3;   5.9; 1026.45;    0.6;   92.92;    2.5;   -0.9;   -4.2;eor
       5516;20161113;   10;  10.1;   4.7;    3;   0.0;   0;    5.367;-999;   4.9;   5.1; 1029.14;    1.0;   77.71;    2.9;   -0.6;   -1.3;eor
       5516;20161114;   10;   9.9;   4.4;    3;   2.6;   4;    4.917;-999;   4.6;   5.4; 1028.98;    1.4;   80.08;    3.2;   -0.8;   -2.0;eor
       5516;20161115;   10;  11.9;   6.7;    3;   1.2;   4;    0.000;-999;   7.9;   8.9; 1017.01;    5.8;   95.79;    8.7;    2.5;    2.2;eor
       5516;20161116;   10;  12.3;   5.6;    3;   3.9;   4;    0.150;-999;   7.5;   9.8; 1009.15;    7.3;   95.79;    9.3;    4.8;    4.0;eor
       5516;20161117;   10;  13.9;   5.3;    3;   6.5;   4;    3.467;-999;   4.2;   9.0;  999.42;    7.1;   88.33;    8.7;    5.1;    4.0;eor
       5516;20161118;   10;  17.1;   6.7;    3;   2.6;   4;    1.733;-999;   5.2;   8.3;  992.98;    6.8;   83.38;    8.7;    4.9;    3.8;eor
       5516;20161119;   10;  14.1;   5.7;    3;   0.0;   0;    2.033;-999;   4.3;   7.3; 1003.16;    5.4;   81.04;    7.4;    3.3;    2.3;eor
       5516;20161120;   10;  19.8;   8.1;    3;   1.2;   4;    0.850;-999;   6.9;   7.6;  999.19;    6.5;   78.67;   11.5;    2.8;    1.4;eor
       5516;20161121;   10;  12.1;   5.1;    3;   0.0;   4;    0.617;-999;   7.9;   9.3; 1003.14;    9.6;   77.38;   11.6;    8.5;    6.9;eor
       5516;20161122;   10;  11.6;   4.4;    3;   0.0;   4;    0.000;-999;   8.0;   9.9; 1009.08;    9.9;   80.88;   12.7;    8.6;    6.8;eor
       5516;20161123;   10;   8.2;   2.4;    3;   0.0;   0;    0.000;-999;   7.9;   9.8; 1018.39;    8.0;   91.50;    9.4;    6.0;    3.5;eor
       5516;20161124;   10;   9.0;   4.3;    3;   0.0;   0;    5.233;-999;   5.2;   8.2; 1025.12;    6.1;   87.13;    7.2;    5.2;    1.4;eor
       5516;20161125;   10;   8.5;   3.6;    3;   0.0;   0;    0.000;-999;   7.5;   8.6; 1024.53;    5.1;   98.21;    6.1;    3.7;    2.5;eor
       5516;20161126;   10;  17.7;  10.1;    3;   0.0;   4;    0.750;-999;   7.6;   8.7; 1014.87;    6.3;   90.92;    8.5;    3.5;    3.4;eor
       5516;20161127;   10;  17.8;   9.8;    3;   0.0;   4;    5.367;-999;   0.9;   6.6; 1016.39;    6.2;   69.33;    7.4;    3.7;    2.2;eor
       5516;20161128;   10;  14.1;   7.4;    3;   0.0;   0;    5.733;-999;   2.1;   4.7; 1029.67;    3.0;   62.58;    3.7;    2.4;    0.2;eor
       5516;20161129;   10;  18.0;  10.2;    3;   0.0;   4;    0.667;-999;   5.9;   6.4; 1029.38;    3.9;   78.83;    5.2;    2.9;    1.5;eor
       5516;20161130;   10;  17.9;  11.9;    3;   4.0;   4;    0.000;-999;   7.7;   8.5; 1020.02;    6.0;   90.63;    7.4;    3.1;    2.7;eor
       5516;20161201;   10;  20.7;  13.2;    3;   0.6;   4;    0.233;-999;   7.7;   9.4; 1011.16;    7.8;   89.21;    8.3;    7.1;    6.0;eor
       5516;20161202;   10;  17.9;   8.8;    3;   0.0;   0;    5.717;-999;   0.3;   6.2; 1017.35;    5.5;   68.92;    7.2;    4.2;    1.7;eor
       5516;20161203;   10;   9.5;   4.5;    3;   0.0;   0;    4.983;-999;   5.8;   6.7; 1024.39;    3.9;   83.08;    5.7;   -0.4;   -4.2;eor
       5516;20161204;   10;  10.2;   6.7;    3;   0.0;   4;    0.000;-999;   7.9;   7.6; 1027.30;    5.4;   84.75;    6.0;    4.5;    4.1;eor
       5516;20161205;   10;  13.4;   8.1;    3;   0.0;   4;    2.483;-999;   7.5;   7.1; 1024.79;    5.0;   81.00;    6.4;    4.0;    2.8;eor
       5516;20161206;   10;  13.1;   4.8;    3;   0.0;   0;    0.067;-999;   7.1;   8.3; 1028.43;    5.3;   92.67;    6.7;    2.2;    0.0;eor
       5516;20161207;   10;  13.9;   6.0;    3;   1.1;   4;    0.000;-999;   7.8;   7.6; 1025.42;    4.8;   87.54;    7.5;    3.0;    2.4;eor
       5516;20161208;   10;  14.9;   8.9;    3;   6.9;   4;    0.000;-999;   7.7;   9.6; 1019.35;    7.5;   92.54;    8.1;    6.8;    6.3;eor
       5516;20161209;   10;  15.2;   8.1;    3;   1.7;   4;    0.000;-999;   7.9;  10.2; 1019.14;    7.6;   97.08;    8.5;    6.8;    6.5;eor
       5516;20161210;   10;  11.8;   8.0;    3;   4.8;   4;    0.000;-999;   7.9;  10.5; 1014.95;    8.1;   97.25;    8.6;    7.3;    6.7;eor
       5516;20161211;   10;  13.7;   7.5;    3;  11.6;   4;    0.283;-999;   7.6;   9.7; 1009.52;    7.2;   95.04;    7.7;    6.3;    5.5;eor
       5516;20161212;   10;  13.4;   5.3;    3;   0.1;   4;    1.567;-999;   7.2;   7.2; 1022.31;    4.5;   85.00;    7.0;    2.5;    0.7;eor
       5516;20161213;   10;   6.8;   3.1;    3;   0.0;   4;    0.000;-999;   7.9;   8.4; 1021.89;    5.0;   95.63;    6.2;    3.7;    1.9;eor
       5516;20161214;   10;   6.4;   2.0;    3;   0.0;   0;    3.767;-999;   5.7;   7.5; 1024.37;    3.5;   94.46;    5.9;   -1.6;   -3.1;eor
       5516;20161215;   10;  10.2;   4.6;    3;   0.0;   0;    0.000;-999;   8.0;   6.2; 1029.98;    0.9;   95.21;    2.0;   -0.7;   -0.6;eor
       5516;20161216;   10;  11.8;   4.0;    3;   0.0;   4;    0.033;-999;   8.0;   5.6; 1030.85;    0.9;   85.92;    1.9;   -0.1;   -0.2;eor
       5516;20161217;   10;   9.8;   4.4;    3;   2.2;   4;    0.000;-999;   7.9;   7.0; 1033.26;    2.6;   94.25;    5.5;    0.1;    0.1;eor
       5516;20161218;   10;  12.5;   5.3;    3;   0.0;   4;    0.533;-999;   7.9;   8.4; 1030.13;    5.8;   91.42;    6.6;    5.0;    4.1;eor
       5516;20161219;   10;   6.4;   2.3;    3;   0.0;   0;    0.000;-999;   8.0;   7.3; 1030.35;    5.1;   83.00;    5.8;    2.3;    0.9;eor
       5516;20161220;   10;  12.8;   4.6;    3;   0.0;   0;    0.000;-999;   7.8;   6.5; 1026.83;    2.3;   89.96;    3.9;    0.3;    0.3;eor
       5516;20161221;   10;  13.6;   5.5;    3;   1.9;   4;    1.300;-999;   7.9;   6.4; 1021.72;    2.8;   84.54;    5.5;    0.0;    0.0;eor
       5516;20161222;   10;  13.8;   5.7;    3;   1.5;   4;    0.000;-999;   6.7;   8.1; 1023.56;    4.8;   94.08;    5.5;    4.1;    3.5;eor
       5516;20161223;   10;  15.7;   7.5;    3;   1.2;   4;    0.700;-999;   7.5;   8.3; 1023.90;    6.0;   88.08;    7.0;    5.4;    4.3;eor
       5516;20161224;   10;  21.9;  10.2;    3;   7.6;   4;    0.133;-999;   7.3;   8.1; 1012.77;    5.8;   87.50;    6.7;    4.4;    3.5;eor
       5516;20161225;   10;  15.5;   9.9;    3;   0.9;   4;    0.000;-999;   7.7;   9.5; 1011.35;    7.0;   93.96;    8.7;    4.8;    3.6;eor
       5516;20161226;   10;  29.1;  13.6;    3;   3.6;   4;    2.767;-999;   6.8;   8.4; 1012.19;    6.8;   84.71;    9.0;    3.1;    2.3;eor
       5516;20161227;   10;  28.1;  14.2;    3;   0.0;   4;    4.000;-999;   6.0;   8.0; 1025.26;    7.0;   79.42;    7.7;    6.7;    5.5;eor
       5516;20161228;   10;  13.6;   7.2;    3;   0.0;   0;    3.550;-999;   7.3;   8.6; 1038.16;    6.4;   89.17;    7.1;    5.6;    5.2;eor
       5516;20161229;   10;  11.5;   6.5;    3;   0.0;   0;    3.117;-999;   7.0;   6.6; 1037.94;    4.4;   78.29;    6.2;    2.7;    1.2;eor
       5516;20161230;   10;  12.7;   7.0;    3;   0.0;   0;    4.517;-999;   5.4;   6.6; 1032.02;    2.9;   87.96;    3.6;    1.7;    0.2;eor
       5516;20161231;   10;  15.8;   8.7;    3;   0.1;   4;    0.000;-999;   7.8;   8.2; 1023.66;    4.2;   98.83;    5.6;    2.6;    2.6;eor
       5516;20170101;   10;  14.1;   8.1;    3;   4.6;   4;    0.000;-999;   7.6;   8.5; 1011.90;    5.3;   95.38;    5.8;    4.5;    4.1;eor
       5516;20170102;   10;  13.4;   7.7;    3;   1.0;   4;    4.550;-999;   4.5;   6.4; 1013.64;    3.6;   80.83;    5.1;    1.2;    0.8;eor
       5516;20170103;   10;  23.6;  12.3;    3;   4.7;   4;    0.000;-999;   7.5;   8.1; 1006.95;    5.4;   90.08;    7.2;    2.9;    1.2;eor
       5516;20170104;   10;  28.0;  14.3;    3;   1.8;   4;    1.650;-999;   5.0;   6.0; 1001.01;    3.6;   75.58;    5.9;   -0.1;   -1.2;eor
       5516;20170105;   10;  13.0;   8.3;    3;   0.0;   0;    5.267;-999;   2.6;   3.1; 1030.32;   -3.5;   65.21;    0.3;   -5.9;   -7.8;eor
       5516;20170106;   10;   8.4;   2.9;    3;   0.0;   4;    5.533;-999;   4.7;   2.7; 1039.11;   -5.0;   64.83;   -3.6;   -8.5;  -10.7;eor
       5516;20170107;   10;  16.6;   7.3;    3;   0.8;   4;    0.000;-999;   7.7;   5.5; 1025.00;   -0.1;   88.00;    4.1;   -4.3;   -4.4;eor
       5516;20170108;   10;   8.9;   3.6;    3;   0.0;   0;    0.000;-999;   8.0;   6.5; 1027.68;    2.1;   90.50;    3.2;    1.4;    0.3;eor
       5516;20170109;   10;  12.7;   4.9;    3;   0.0;   4;    0.017;-999;   7.8;   6.1; 1020.98;    2.0;   86.42;    3.4;    0.6;    0.1;eor
       5516;20170110;   10;  13.0;   6.7;    3;   0.0;   0;    0.233;-999;   8.0;   5.9; 1008.77;    1.6;   85.38;    2.4;    1.0;    0.3;eor
       5516;20170111;   10;  21.8;  10.4;    3;   4.6;   4;    0.000;-999;   7.5;   6.8;  995.83;    3.2;   88.04;    5.0;    1.7;    1.2;eor
       5516;20170112;   10;  22.9;  11.1;    3;   3.7;   4;    2.333;-999;   6.1;   6.6;  995.09;    3.5;   84.63;    4.7;    1.4;    0.8;eor
       5516;20170113;   10;   9.1;   4.9;    3;   0.9;   4;    0.817;-999;   5.9;   6.5;  990.62;    2.0;   92.00;    3.2;    0.5;   -0.4;eor
       5516;20170114;   10;  15.1;   8.0;    3;   0.0;   4;    5.000;-999;   5.7;   6.0;  999.71;    2.2;   84.54;    3.4;    0.5;   -0.2;eor
       5516;20170115;   10;  14.5;   7.8;    3;   0.0;   4;    1.250;-999;   5.0;   5.3; 1013.94;    1.7;   76.75;    2.5;    0.5;   -1.0;eor
       5516;20170116;   10;  10.2;   5.9;    3;   0.0;   0;    5.867;-999;   1.6;   5.1; 1026.03;    1.2;   77.04;    2.3;    0.1;   -1.9;eor
       5516;20170117;   10;   7.6;   3.3;    3;   0.0;   0;    2.500;-999;   7.5;   4.9; 1035.72;    0.1;   79.04;    1.5;   -1.5;   -2.7;eor
       5516;20170118;   10;   9.8;   6.1;    3;   0.0;   4;    0.000;-999;   7.8;   5.3; 1037.37;    1.1;   80.13;    1.7;    0.3;   -0.5;eor
       5516;20170119;   10;  11.8;   7.9;    3;   0.0;   4;    0.000;-999;   7.7;   6.3; 1035.21;    1.8;   89.17;    2.8;    0.4;    0.0;eor
       5516;20170120;   10;  10.8;   6.8;    3;   0.0;   4;    0.000;-999;   6.7;   7.2; 1032.87;    3.1;   95.00;    3.6;    2.7;    1.6;eor
       5516;20170121;   10;  10.8;   3.9;    3;   0.0;   4;    0.000;-999;   7.6;   7.6; 1030.27;    3.3;   98.04;    3.9;    2.7;    1.2;eor
       5516;20170122;   10;   6.9;   2.5;    3;   0.0;   0;    0.000;-999;   8.0;   6.5; 1027.51;    1.9;   93.04;    3.6;   -0.1;    0.1;eor
       5516;20170123;   10;  10.6;   4.6;    3;   0.0;   0;    0.183;-999;   7.3;   6.0; 1023.67;    1.1;   90.88;    2.1;   -0.2;   -0.1;eor
       5516;20170124;   10;   9.7;   6.2;    3;   0.0;   4;    0.000;-999;   7.8;   6.7; 1026.36;    1.9;   95.29;    2.6;    1.2;    0.9;eor
       5516;20170125;   10;   8.8;   4.6;    3;   0.0;   0;    0.000;-999;   8.0;   5.8; 1031.32;   -0.3;   96.57;    1.2;   -1.4;   -1.3;eor
       5516;20170126;   10;   8.3;   3.7;    3;   0.0;   0;    0.317;-999;   7.2;   5.7; 1029.64;    0.0;   93.29;    1.7;   -1.6;   -2.1;eor
       5516;20170127;   10;  10.3;   4.9;    3;   0.0;   0;    7.050;-999;   3.4;   5.0; 1022.05;    0.3;   80.38;    1.7;   -1.0;   -2.7;eor
       5516;20170128;   10;   7.7;   3.8;    3;   0.6;   4;    7.083;-999;   5.3;   4.8; 1018.27;   -0.1;   80.00;    2.7;   -2.4;   -3.8;eor
       5516;20170129;   10;   8.9;   4.2;    3;   1.3;   4;    0.000;-999;   7.2;   6.7; 1015.76;    2.3;   91.58;    4.1;   -2.5;   -3.4;eor
       5516;20170130;   10;  14.2;   6.3;    3;   7.2;   4;    0.000;-999;   7.0;   6.9; 1013.46;    2.3;   95.08;    3.1;    1.2;    0.5;eor
       5516;20170131;   10;  13.2;   7.1;    3;   0.0;   0;    0.000;-999;   7.3;   6.6; 1017.01;    2.7;   88.88;    3.9;    1.3;   -0.2;eor
       5516;20170201;   10;  12.4;   4.6;    3;   0.0;   0;    0.000;-999;   7.9;   6.1; 1018.99;    1.1;   91.67;    1.6;    0.0;   -0.3;eor
       5516;20170202;   10;  12.2;   6.0;    3;   0.0;   0;    0.000;-999;   7.9;   5.8; 1011.00;    1.0;   88.92;    1.8;    0.0;   -0.1;eor
       5516;20170203;   10;  10.1;   5.2;    3;   0.5;   4;    0.000;-999;   8.0;   6.6; 1005.29;    1.4;   98.58;    2.2;    0.6;    0.7;eor
       5516;20170204;   10;  10.7;   4.4;    3;   0.0;   4;    0.017;-999;   8.0;   7.7; 1002.20;    3.4;   98.33;    4.7;    2.1;    2.1;eor
       5516;20170205;   10;  11.8;   6.3;    3;   2.2;   4;    0.000;-999;   7.8;   6.7; 1005.98;    1.9;   95.58;    2.9;    0.6;    0.5;eor
       5516;20170206;   10;  16.3;   7.7;    3;   1.6;   4;    1.417;-999;   7.6;   6.2; 1020.63;    2.1;   87.46;    3.4;    0.9;    0.3;eor
       5516;20170207;   10;  17.1;   8.4;    3;   3.1;   4;    0.000;-999;   7.7;   5.2; 1025.00;    0.2;   83.38;    1.3;   -1.1;   -1.5;eor
       5516;20170208;   10;  14.2;   6.6;    3;   0.0;   4;    0.000;-999;   7.9;   4.1; 1029.98;   -2.1;   77.17;   -0.8;   -2.8;   -2.7;eor
       5516;20170209;   10;   9.4;   4.8;    3;   0.0;   4;    0.000;-999;   8.0;   3.8; 1033.38;   -2.6;   76.00;   -2.2;   -3.3;   -3.5;eor
       5516;20170210;   10;  14.3;   7.8;    3;   0.0;   0;    0.383;-999;   6.9;   4.2; 1029.79;   -1.8;   78.96;   -0.3;   -3.1;   -3.3;eor
       5516;20170211;   10;  18.3;  10.2;    3;   0.0;   0;    0.000;-999;   7.0;   4.3; 1028.81;   -0.2;   71.96;    0.8;   -1.4;   -2.8;eor
       5516;20170212;   10;  14.4;   8.7;    3;   0.0;   4;    0.017;-999;   7.6;   4.9; 1034.50;   -0.4;   82.17;    0.3;   -1.3;   -2.8;eor
       5516;20170213;   10;   9.4;   5.4;    3;   0.0;   0;    4.417;-999;   6.5;   4.4; 1037.92;   -2.1;   84.92;   -0.8;   -2.9;   -4.4;eor
       5516;20170214;   10;   7.6;   4.0;    3;   0.0;   0;    1.217;-999;   6.7;   4.8; 1035.35;   -2.0;   91.79;   -0.2;   -3.1;   -5.4;eor
       5516;20170215;   10;   7.1;   2.8;    3;   0.0;   0;    8.500;-999;   0.2;   5.3; 1031.81;    1.6;   76.75;    6.0;   -2.5;   -5.5;eor
       5516;20170216;   10;  10.8;   5.2;    3;   1.7;   4;    2.683;-999;   6.1;   7.3; 1024.16;    4.2;   87.50;    5.9;    1.2;   -1.2;eor
       5516;20170217;   10;   9.9;   4.8;    3;   0.1;   4;    0.083;-999;   7.8;   7.7; 1018.44;    3.5;   97.71;    4.2;    3.1;    2.9;eor
       5516;20170218;   10;  11.4;   6.2;    3;   0.8;   4;    0.000;-999;   8.0;   7.2; 1022.13;    3.2;   93.88;    4.1;    2.8;    2.6;eor
       5516;20170219;   10;  10.4;   6.4;    3;   1.0;   4;    0.000;-999;   7.9;   7.9; 1014.51;    4.4;   94.42;    4.7;    4.0;    3.5;eor
       5516;20170220;   10;  15.0;   9.1;    3;   0.3;   4;    0.000;-999;   7.8;   8.7; 1005.15;    5.5;   96.42;    6.3;    3.9;    3.2;eor
       5516;20170221;   10;  14.4;   9.6;    3;   8.0;   4;    4.367;-999;   7.8;   7.6; 1004.30;    4.8;   88.96;    5.6;    3.5;    2.4;eor
       5516;20170222;   10;  20.8;  11.9;    3;   2.1;   4;    3.483;-999;   6.2;   8.0;  993.44;    5.5;   88.63;    6.6;    5.0;    4.1;eor
       5516;20170223;   10;  21.5;   8.8;    3;  10.2;   4;    0.000;-999;   7.6;   7.7;  987.39;    4.6;   90.21;    6.4;    2.8;    2.7;eor
       5516;20170224;   10;  17.9;   9.7;    3;   0.0;   4;    7.233;-999;   3.3;   6.1; 1000.81;    2.7;   81.58;    4.4;    0.2;   -0.1;eor
       5516;20170225;   10;  14.7;   7.4;    3;   2.6;   4;    2.033;-999;   6.4;   6.9; 1012.23;    3.5;   87.75;    5.0;    2.0;    0.8;eor
       5516;20170226;   10;  12.3;   6.9;    3;   0.1;   4;    0.000;-999;   7.8;   8.9; 1004.02;    5.9;   95.67;    8.8;    4.6;    4.3;eor
       5516;20170227;   10;  14.3;   6.6;    3;   0.5;   4;    0.000;-999;   7.9;   9.1;  997.40;    9.0;   78.83;   10.2;    6.8;    6.2;eor
       5516;20170228;   10;  18.9;   6.1;    3;   1.7;   4;    2.600;-999;   6.8;   7.1;  986.89;    5.7;   77.58;    9.6;    3.2;    2.4;eor
       5516;20170301;   10;  13.8;   6.6;    3;   0.5;   4;    1.967;-999;   6.0;   7.0;  994.10;    4.1;   85.50;    5.6;    2.7;    1.5;eor
       5516;20170302;   10;  16.3;   6.6;    3;   0.9;   4;    4.900;-999;   7.4;   7.4;  998.64;    4.2;   89.46;    6.1;    2.5;    1.5;eor
       5516;20170303;   10;  12.5;   5.4;    3;   0.0;   4;    7.000;-999;   7.5;   7.2; 1005.95;    5.4;   81.21;    9.0;    3.4;    2.5;eor
       5516;20170304;   10;   9.2;   4.0;    3;   0.0;   4;    2.467;-999;   8.0;   7.6;  996.03;    5.3;   85.08;    8.1;    3.3;    2.1;eor
       5516;20170305;   10;  10.3;   4.4;    3;   6.9;   4;    0.233;-999;   7.1;   8.2;  996.72;    5.4;   91.58;    9.0;    3.3;    1.7;eor
       5516;20170306;   10;  17.7;  10.3;    3;   1.1;   4;    0.000;-999;   7.8;   7.1; 1003.00;    3.0;   93.54;    4.1;    1.3;    1.0;eor
       5516;20170307;   10;  12.5;   4.8;    3;   0.0;   4;    0.000;-999;   7.8;   5.3; 1013.14;    1.1;   79.79;    1.8;    0.4;    0.3;eor
       5516;20170308;   10;  13.2;   5.3;    3;   1.6;   4;    0.150;-999;   7.8;   6.6; 1014.29;    3.7;   81.79;    6.4;    1.3;    0.9;eor
       5516;20170309;   10;   9.2;   4.1;    3;   1.9;   4;    0.167;-999;   7.8;   8.3; 1012.51;    5.1;   94.17;    8.0;    4.0;    3.1;eor
       5516;20170310;   10;  14.2;   7.5;    3;   0.0;   0;    1.967;-999;   6.3;   7.9; 1020.84;    4.9;   90.50;    6.2;    3.7;    2.6;eor
       5516;20170311;   10;   9.1;   3.6;    3;   0.0;   0;    2.450;-999;   7.2;   7.5; 1024.69;    3.3;   96.25;    6.3;    0.3;   -0.6;eor
       5516;20170312;   10;  12.2;   5.5;    3;   0.0;   0;    3.283;-999;   7.8;   6.3; 1023.12;    2.5;   85.46;    5.4;    0.3;   -1.3;eor
       5516;20170313;   10;   8.8;   3.8;    3;   0.0;   4;    2.567;-999;   7.2;   6.4; 1024.20;    3.6;   81.00;    6.9;    0.2;   -2.0;eor
       5516;20170314;   10;  12.5;   6.7;    3;   0.0;   4;    1.150;-999;   7.8;   8.7; 1024.30;    6.0;   93.00;    9.7;    3.7;    3.6;eor
       5516;20170315;   10;  12.8;   9.3;    3;   0.0;   0;   10.167;-999;   4.2;   7.9; 1024.67;    5.7;   86.46;    7.3;    4.4;    3.3;eor
       5516;20170316;   10;  14.5;   6.9;    3;   0.0;   4;    6.433;-999;   6.8;   8.4; 1018.96;    7.7;   80.83;   11.1;    4.1;    3.0;eor
       5516;20170317;   10;  17.8;   9.1;    3;   5.2;   4;    3.100;-999;   7.7;   8.2; 1006.01;    6.0;   87.25;    9.2;    4.6;    4.1;eor
       5516;20170318;   10;  21.9;  10.7;    3;   0.5;   4;    4.983;-999;   4.3;   7.5;  996.19;    5.1;   85.63;    6.3;    3.9;    2.6;eor
       5516;20170319;   10;  14.4;   6.5;    3;  11.0;   4;    0.000;-999;   6.8;   7.5; 1001.89;    4.0;   92.00;    6.6;    1.6;    1.4;eor
       5516;20170320;   10;  19.3;   6.3;    3;  10.3;   4;    0.033;-999;   7.4;  10.2;  999.60;    7.7;   96.42;   10.2;    5.2;    5.0;eor
       5516;20170321;   10;  16.1;   8.3;    3;   1.5;   4;    8.017;-999;   3.5;   7.9; 1002.97;    6.2;   82.58;    9.9;    4.3;    3.1;eor
       5516;20170322;   10;  13.2;   4.8;    3;   0.0;   0;   11.300;-999;   1.7;   6.6; 1015.17;    6.1;   70.38;   10.6;    2.4;   -0.9;eor
       5516;20170323;   10;   8.2;   3.8;    3;   0.0;   0;    1.533;-999;   6.0;   7.0; 1022.21;    5.2;   79.75;    8.7;    1.4;   -1.9;eor
       5516;20170324;   10;   7.8;   2.8;    3;   0.0;   0;   10.533;-999;   5.1;   7.0; 1030.51;    5.5;   77.79;    7.6;    3.2;   -0.2;eor
       5516;20170325;   10;  12.4;   6.8;    3;   0.0;   0;    5.417;-999;   8.0;   8.4; 1027.97;    5.9;   90.67;    7.4;    4.8;    3.9;eor
       5516;20170326;   10;   5.4;   2.0;    3;   0.0;   0;    5.133;-999;   5.5;   8.3; 1025.97;    4.9;   95.63;    6.8;    2.7;    0.2;eor
       5516;20170327;   10;   5.8;   3.7;    3;   0.0;   0;    5.767;-999;   6.6;   8.4; 1024.01;    5.4;   94.08;    8.9;    2.7;    2.8;eor
       5516;20170328;   10;   6.6;   2.7;    3;   0.9;   4;   11.417;-999;   6.2;   8.2; 1018.66;    8.0;   77.79;   12.1;    5.1;    3.4;eor
       5516;20170329;   10;  13.6;   6.4;    3;   0.4;   4;    0.517;-999;   7.6;   9.7; 1017.71;    7.7;   92.13;    8.9;    6.7;    5.2;eor
       5516;20170330;   10;   8.3;   4.3;    3;   0.3;   4;    0.533;-999;   7.8;  11.1; 1020.37;   10.0;   90.25;   15.1;    7.0;    7.0;eor
       5516;20170331;   10;   9.3;   4.1;    3;   0.0;   0;    4.117;-999;   8.0;  12.1; 1013.14;   13.6;   77.92;   19.2;    9.4;    8.3;eor
       5516;20170401;   10;  14.3;   3.3;    3;   6.4;   4;    7.150;-999;   7.8;  11.3; 1011.10;   11.4;   83.83;   14.5;    8.8;    7.9;eor
       5516;20170402;   10;  12.3;   4.8;    3;   0.0;   4;    7.750;-999;   5.1;  10.9; 1016.50;    9.6;   91.04;   12.6;    8.2;    7.4;eor
       5516;20170403;   10;   8.7;   4.0;    3;   0.0;   0;   11.367;-999;   2.4;   9.0; 1025.51;    7.8;   85.54;    9.6;    4.1;    1.5;eor
       5516;20170404;   10;   5.3;   2.3;    3;   0.0;   4;   11.800;-999;   0.5;   8.5; 1024.78;    7.8;   80.79;   12.4;    2.3;    0.4;eor
       5516;20170405;   10;  19.9;   9.4;    3;   0.0;   4;    4.900;-999;   5.5;   9.0; 1018.47;    8.1;   83.04;   10.0;    6.8;    5.8;eor
       5516;20170406;   10;  16.7;   9.9;    3;   0.0;   4;    7.517;-999;   5.4;   8.5; 1019.44;    7.3;   83.21;    8.9;    6.0;    4.9;eor
       5516;20170407;   10;  14.7;   9.5;    3;   0.0;   4;    4.283;-999;   7.6;  10.1; 1016.09;    8.1;   93.04;    9.7;    7.4;    6.8;eor
       5516;20170408;   10;  13.6;   6.6;    3;   0.0;   0;    0.783;-999;   7.8;   9.6; 1021.57;    8.0;   90.08;    9.7;    6.8;    4.8;eor
       5516;20170409;   10;   9.7;   3.8;    3;   0.0;   0;   12.583;-999;   1.7;   9.7; 1021.20;    9.8;   80.42;   13.9;    4.8;    3.9;eor
       5516;20170410;   10;  19.7;   9.6;    3;   1.1;   4;    2.033;-999;   6.4;   9.2; 1012.75;    9.1;   79.00;   11.8;    5.9;    4.7;eor
       5516;20170411;   10;  19.7;  11.3;    3;   4.5;   4;    9.150;-999;   5.3;   7.7; 1017.10;    7.0;   76.58;    8.6;    4.7;    3.5;eor
       5516;20170412;   10;  16.0;  10.1;    3;   2.9;   4;    0.000;-999;   7.4;  10.0; 1006.32;    7.8;   93.92;    8.6;    6.5;    6.0;eor
       5516;20170413;   10;  17.0;  11.2;    3;   1.3;   4;    5.750;-999;   7.0;   8.9; 1005.62;    7.8;   84.33;    9.5;    6.1;    5.1;eor
       5516;20170414;   10;  17.5;   9.3;    3;   4.0;   4;    4.083;-999;   7.3;   9.1; 1009.50;    8.0;   84.50;   10.8;    6.6;    5.6;eor
       5516;20170415;   10;  21.0;  10.0;    3;   4.0;   4;    5.433;-999;   6.4;   8.8; 1005.02;    7.5;   84.92;    9.4;    5.9;    4.8;eor
       5516;20170416;   10;  14.1;   3.8;    3;   4.6;   4;    2.417;-999;   7.8;   7.1; 1012.34;    5.0;   81.71;    7.4;    2.7;    2.5;eor
       5516;20170417;   10;  16.0;   7.2;    3;   0.0;   0;    9.433;-999;   4.8;   7.1; 1014.36;    6.0;   76.00;    7.8;    4.2;    4.1;eor
       5516;20170418;   10;  15.3;   7.7;    3;   0.1;   4;    6.917;-999;   5.5;   5.7; 1027.14;    3.9;   70.33;    6.5;    2.3;    0.5;eor
       5516;20170419;   10;   7.7;   2.6;    3;   0.0;   0;   10.550;-999;   3.6;   5.3; 1035.08;    4.2;   65.21;    7.1;    0.8;   -0.5;eor
       5516;20170420;   10;  14.6;   7.2;    3;   0.0;   4;    4.633;-999;   8.0;   6.8; 1032.01;    6.9;   67.71;    8.5;    4.9;    3.4;eor
       5516;20170421;   10;  20.3;  11.2;    3;   0.7;   4;    0.200;-999;   7.4;  10.0; 1019.50;    8.8;   88.33;   11.0;    6.5;    5.5;eor
       5516;20170422;   10;  20.0;  13.3;    3;   0.0;   4;   11.367;-999;   2.3;   7.7; 1014.97;    7.1;   75.54;    8.7;    5.6;    4.9;eor
       5516;20170423;   10;  16.9;  11.9;    3;   0.0;   4;    9.733;-999;   5.3;   7.2; 1016.41;    6.6;   73.79;    8.2;    4.8;    4.6;eor
       5516;20170424;   10;  17.1;   9.1;    3;   0.5;   4;    0.650;-999;   7.9;   7.5; 1008.10;    7.0;   74.58;    9.2;    5.3;    4.4;eor
       5516;20170425;   10;  20.2;   5.8;    3;   0.0;   4;    7.450;-999;   4.6;   6.0; 1002.89;    5.1;   68.50;    7.3;    1.8;    0.5;eor
       5516;20170426;   10;   9.6;   4.4;    3;   0.0;   0;   13.300;-999;   1.2;   6.9; 1009.57;    6.3;   72.83;    8.2;    4.5;    3.2;eor
       5516;20170427;   10;  11.4;   5.3;    3;   0.1;   4;    9.600;-999;   4.4;   7.0; 1011.93;    7.2;   68.67;    9.5;    5.5;    4.1;eor
       5516;20170428;   10;  11.2;   4.2;    3;   3.7;   4;    1.067;-999;   7.6;   8.4; 1011.02;    7.5;   80.08;   11.7;    6.4;    4.9;eor
       5516;20170429;   10;   8.7;   3.8;    3;   1.1;   4;    8.000;-999;   3.0;   7.5; 1015.81;    6.2;   79.29;    8.1;    3.0;    1.3;eor
       5516;20170430;   10;  15.1;   7.1;    3;   0.0;   0;   13.900;-999;   1.1;   7.9; 1019.51;    7.1;   78.58;   11.1;    1.8;   -0.3;eor
       5516;20170501;   10;  18.7;  11.0;    3;   0.0;   0;   12.883;-999;   4.8;   8.2; 1017.78;    8.2;   74.96;   10.7;    6.2;    4.9;eor
       5516;20170502;   10;  19.8;  11.8;    3;   1.2;   4;   10.400;-999;   7.6;   8.4; 1021.50;    8.6;   75.50;   11.0;    6.8;    5.8;eor
       5516;20170503;   10;  17.7;  10.6;    3;   0.0;   0;    3.567;-999;   8.0;   8.5; 1025.20;    8.6;   75.75;   11.4;    7.7;    7.0;eor
       5516;20170504;   10;  20.2;  11.4;    3;   0.5;   4;    1.533;-999;   8.0;   7.4; 1024.27;    8.9;   64.79;   10.9;    6.9;    6.1;eor
       5516;20170505;   10;  14.8;   7.4;    3;   3.7;   4;    0.000;-999;   8.0;   8.8; 1021.60;    7.7;   83.92;    8.8;    6.6;    5.8;eor
       5516;20170506;   10;   4.5;   1.7;    3;   0.0;   0;    0.133;-999;   7.9;  10.1; 1016.20;    8.5;   90.67;   10.7;    6.9;    5.3;eor
       5516;20170507;   10;  12.2;   3.1;    3;   0.0;   4;   12.467;-999;   4.7;  10.5; 1012.43;   10.3;   84.96;   14.8;    6.3;    3.6;eor
       5516;20170508;   10;  14.1;   8.6;    3;   0.1;   4;    7.783;-999;   4.8;   8.2; 1016.84;    8.7;   72.13;   11.0;    6.7;    5.1;eor
       5516;20170509;   10;  12.9;   5.8;    3;   1.5;   4;   10.217;-999;   6.2;   6.9; 1016.71;    8.0;   63.88;   10.3;    6.1;    4.9;eor
       5516;20170510;   10;  13.6;   6.9;    3;   0.0;   4;    0.683;-999;   7.7;   9.1; 1006.78;    8.1;   84.38;    9.8;    6.6;    6.0;eor
       5516;20170511;   10;  12.4;   5.0;    3;   0.0;   0;   10.833;-999;   7.8;   9.7; 1004.81;    9.7;   81.13;   13.1;    5.4;    4.6;eor
       5516;20170512;   10;  14.9;   9.2;    3;   0.0;   4;    3.533;-999;   6.7;  10.0; 1005.02;    9.3;   85.04;   11.4;    8.0;    7.0;eor
       5516;20170513;   10;  10.0;   4.6;    3;   5.2;   4;    4.650;-999;   8.0;  12.2; 1010.28;   12.2;   85.79;   17.1;    8.4;    7.3;eor
       5516;20170514;   10;   8.2;   2.7;    3;   0.9;   4;   11.383;-999;   4.5;  12.7; 1018.27;   13.4;   83.75;   18.1;    9.2;    7.8;eor
       5516;20170515;   10;   8.6;   3.8;    3;   0.4;   4;    8.217;-999;   7.1;  12.2; 1026.15;   12.9;   82.83;   16.2;   10.9;   10.2;eor
       5516;20170516;   10;  11.1;   4.7;    3;   8.6;   4;    0.000;-999;   7.7;  13.3; 1026.98;   12.8;   89.17;   14.6;   11.0;   10.2;eor
       5516;20170517;   10;   8.8;   4.0;    3;   0.0;   0;    4.483;-999;   7.6;  16.4; 1020.03;   17.5;   81.96;   22.6;   13.4;   12.9;eor
       5516;20170518;   10;  11.9;   5.2;    3;  12.5;   4;   12.800;-999;   6.8;  15.7; 1010.57;   17.6;   79.08;   25.9;   12.7;   12.0;eor
       5516;20170519;   10;  16.9;   3.8;    3;   0.0;   4;    5.950;-999;   6.7;  15.3; 1009.01;   14.3;   93.83;   18.4;   11.7;   11.6;eor
       5516;20170520;   10;  16.6;   6.4;    3;   0.0;   0;   10.383;-999;   5.3;  12.8; 1017.57;   12.9;   85.83;   15.0;   11.5;   10.6;eor
       5516;20170521;   10;   5.7;   2.6;    3;   0.0;   0;   14.600;-999;   5.5;  11.8; 1025.16;   14.6;   73.08;   18.6;   10.9;    8.6;eor
       5516;20170522;   10;   4.7;   2.1;    3;   0.0;   0;   14.917;-999;   6.4;  11.6; 1020.72;   14.2;   72.38;   18.0;    9.9;    8.5;eor
       5516;20170523;   10;  17.7;   4.9;    3;   3.2;   4;    7.017;-999;   7.7;  13.4; 1014.03;   15.9;   75.25;   22.3;   11.1;    9.1;eor
       5516;20170524;   10;  17.2;  10.0;    3;   0.0;   0;    7.683;-999;   6.9;  12.3; 1017.62;   13.4;   80.13;   15.6;   11.6;   10.4;eor
       5516;20170525;   10;  14.1;   8.1;    3;   0.0;   0;   11.733;-999;   4.1;  13.4; 1019.37;   14.0;   83.50;   16.9;   11.7;   11.2;eor
       5516;20170526;   10;  11.2;   5.3;    3;   0.0;   0;   14.017;-999;   1.1;  14.5; 1020.85;   14.5;   88.17;   17.2;   11.7;    9.5;eor
       5516;20170527;   10;   7.7;   3.3;    3;   0.0;   0;   15.533;-999;   0.0;  15.4; 1020.88;   17.6;   77.46;   23.7;   10.2;    7.8;eor
       5516;20170528;   10;  10.8;   5.8;    3;   0.0;   4;   12.717;-999;   4.0;  15.9; 1015.55;   18.3;   75.96;   22.7;   15.2;   14.0;eor
       5516;20170529;   10;  11.5;   4.7;    3;   2.3;   4;    3.667;-999;   7.9;  15.7; 1012.78;   15.2;   90.63;   16.6;   13.6;   12.9;eor
       5516;20170530;   10;  15.0;   6.1;    3;   2.5;   4;    6.067;-999;   6.9;  17.2; 1009.74;   16.5;   91.38;   22.3;   13.1;   12.5;eor
       5516;20170531;   10;  18.5;  13.2;    3;   0.0;   0;   11.650;-999;   5.5;  12.9; 1015.37;   14.6;   77.08;   16.1;   11.9;   11.4;eor
       5516;20170601;    3;  17.5;   9.3;    3;   0.0;   0;   15.383;-999;   3.0;  11.7; 1019.36;   13.6;   74.71;   16.1;   11.4;   10.9;eor
       5516;20170602;    3;   7.9;   3.5;    3;   0.0;   0;   15.500;-999;   3.3;  12.3; 1017.85;   14.8;   73.63;   20.2;   11.3;    9.9;eor
       5516;20170603;    3;   8.4;   3.7;    3;   2.4;   4;    3.667;-999;   7.8;  14.4; 1013.26;   15.3;   82.96;   18.8;   11.0;    9.7;eor
       5516;20170604;    3;  14.6;   6.9;    3;   1.0;   4;    6.133;-999;   5.5;  15.1; 1009.29;   15.4;   86.46;   17.1;   13.4;   12.7;eor
       5516;20170605;    3;  12.0;   5.6;    3;   0.0;   0;   14.867;-999;   5.8;  12.5; 1011.70;   15.7;   71.58;   19.6;   11.7;   10.2;eor
       5516;20170606;    3;  13.5;   4.8;    3;   0.4;   4;   10.383;-999;   6.3;  15.0; 1002.08;   16.8;   78.46;   22.4;   11.7;    9.9;eor
       5516;20170607;    3;  17.1;   8.5;    3;   5.2;   4;    1.983;-999;   7.8;  11.8; 1003.33;   13.3;   77.33;   15.9;   11.9;   10.9;eor
       5516;20170608;    3;  16.6;   6.2;    3;   3.0;   4;    3.850;-999;   6.6;  13.7; 1012.21;   14.5;   83.13;   17.1;   12.8;   12.0;eor
       5516;20170609;    3;  21.2;   5.8;    3;   6.9;   4;    6.267;-999;   7.6;  16.0; 1009.78;   16.8;   84.00;   23.3;   13.3;   12.2;eor
       5516;20170610;    3;  13.4;   4.5;    3;   0.0;   4;    8.800;-999;   5.5;  14.5; 1017.09;   16.3;   79.08;   19.9;   13.3;   12.7;eor
       5516;20170611;    3;  15.3;   4.2;    3;   1.4;   4;    9.550;-999;   6.6;  17.2; 1013.14;   19.9;   74.50;   24.8;   15.5;   15.2;eor
       5516;20170612;    3;  19.5;  11.5;    3;   0.0;   4;    4.833;-999;   6.8;  15.0; 1007.67;   16.1;   81.83;   18.0;   14.6;   14.4;eor
       5516;20170613;    3;  18.5;  11.5;    3;   0.0;   0;    5.683;-999;   6.7;  13.7; 1012.42;   15.1;   79.88;   16.9;   13.7;   13.0;eor
       5516;20170614;    3;  12.7;   6.4;    3;   0.0;   0;   11.850;-999;   6.9;  14.4; 1017.72;   15.7;   81.04;   18.5;   13.3;   12.8;eor
       5516;20170615;    3;  10.9;   3.3;    3;   0.1;   4;   10.217;-999;   7.5;  16.4; 1014.02;   17.9;   81.04;   22.7;   11.1;   10.5;eor
       5516;20170616;    3;  19.4;  11.9;    3;   0.0;   4;   10.483;-999;   4.4;  14.5; 1011.40;   16.1;   79.17;   17.6;   14.2;   14.0;eor
       5516;20170617;    3;  18.7;   9.5;    3;   0.0;   0;   13.883;-999;   4.2;  14.5; 1019.35;   16.0;   79.67;   18.4;   13.7;   13.5;eor
       5516;20170618;    3;   9.6;   5.3;    3;   0.0;   0;   10.150;-999;   2.5;  17.8; 1022.78;   18.0;   86.25;   22.1;   14.3;   14.4;eor
       5516;20170619;    3;   5.8;   2.7;    3;   0.0;   0;   15.417;-999;   1.0;  18.8; 1019.57;   20.2;   80.46;   24.6;   15.5;   14.2;eor
       5516;20170620;    3;  12.4;   7.5;    3;   0.0;   0;   12.983;-999;   5.5;  15.4; 1016.53;   17.6;   76.38;   19.5;   14.3;   13.6;eor
       5516;20170621;    3;  11.6;   6.4;    3;   0.0;   4;    9.250;-999;   6.3;  12.6; 1017.00;   15.5;   71.50;   17.7;   13.5;   12.9;eor
       5516;20170622;    3;  13.7;   3.3;    3;   9.6;   4;    5.633;-999;   7.8;  16.7; 1008.48;   17.2;   84.96;   22.6;   11.8;   10.7;eor
       5516;20170623;    3;  18.1;  11.0;    3;   1.7;   4;    0.417;-999;   7.8;  17.5; 1007.17;   17.1;   89.33;   18.8;   15.8;   14.7;eor
       5516;20170624;    3;  18.0;   9.2;    3;   2.1;   4;    4.233;-999;   6.5;  16.3; 1007.63;   16.7;   85.21;   19.0;   14.5;   13.7;eor
       5516;20170625;    3;  18.2;   9.2;    3;   0.6;   4;    2.517;-999;   7.3;  14.1; 1005.47;   15.8;   78.46;   18.4;   13.4;   12.5;eor
       5516;20170626;    3;  15.0;  10.3;    3;   0.0;   4;   11.450;-999;   3.6;  12.4; 1008.58;   15.5;   70.63;   17.6;   13.7;   12.9;eor
       5516;20170627;    3;  11.0;   4.7;    3;   0.0;   4;   13.033;-999;   7.3;  10.9; 1011.26;   14.3;   67.21;   16.5;   12.1;   11.2;eor
       5516;20170628;    3;  17.7;   8.6;    3;   0.0;   4;    5.150;-999;   8.0;  15.2; 1001.83;   16.2;   82.46;   18.5;   12.3;   11.7;eor
       5516;20170629;    3;  11.8;   5.4;    3;  22.2;   4;    0.000;-999;   7.9;  17.3;  994.99;   15.9;   95.92;   16.9;   14.7;   14.6;eor
       5516;20170630;    3;  14.1;   6.7;    3;  33.6;   4;    0.000;-999;   7.7;  16.7;  995.92;   15.3;   96.00;   15.8;   14.7;   14.1;eor
       5516;20170701;    3;  14.5;   5.2;    3;   0.2;   4;    1.717;-999;   6.8;  16.1; 1003.17;   16.0;   88.58;   18.4;   14.5;   14.3;eor
       5516;20170702;    3;  17.7;  11.0;    3;   0.4;   4;    3.367;-999;   6.8;  14.1; 1011.55;   15.7;   79.17;   18.1;   14.4;   13.7;eor
       5516;20170703;    3;  16.3;   9.8;    3;   3.7;   4;    5.283;-999;   5.5;  14.4; 1014.78;   16.0;   78.96;   20.0;   14.0;   13.3;eor
       5516;20170704;    3;  15.7;  10.2;    3;   0.0;   4;   10.967;-999;   5.8;  12.7; 1016.25;   15.4;   72.17;   17.4;   13.5;   12.8;eor
       5516;20170705;    3;   9.8;   5.5;    3;   0.0;   0;   12.167;-999;   6.6;  13.4; 1017.73;   16.1;   72.88;   18.8;   13.8;   13.4;eor
       5516;20170706;    3;   6.0;   3.1;    3;   0.3;   4;   15.067;-999;   4.7;  12.9; 1018.50;   15.6;   73.67;   18.1;   13.6;   12.0;eor
       5516;20170707;    3;   6.4;   2.7;    3;   0.0;   4;    4.333;-999;   7.8;  17.7; 1012.45;   17.4;   89.46;   21.0;   13.8;   12.7;eor
       5516;20170708;    3;  13.3;   7.1;    3;   0.0;   0;    9.133;-999;   4.4;  17.0; 1012.80;   18.0;   81.96;   20.5;   14.5;   13.9;eor
       5516;20170709;    3;  11.5;   4.2;    3;   0.0;   0;   14.967;-999;   3.7;  11.6; 1014.19;   15.3;   67.21;   18.7;   11.8;   10.1;eor
       5516;20170710;    3;   7.2;   3.3;    3;   5.8;   4;    1.833;-999;   7.5;  14.5; 1008.77;   14.9;   85.71;   19.0;   11.8;   10.4;eor
       5516;20170711;    3;  12.0;   4.4;    3;   2.7;   4;    4.467;-999;   7.5;  16.7; 1007.30;   16.8;   87.17;   21.6;   10.8;   10.4;eor
       5516;20170712;    3;  17.2;   6.8;    3;   8.6;   4;    1.450;-999;   7.3;  14.8; 1007.68;   15.4;   84.21;   17.2;   13.6;   13.4;eor
       5516;20170713;    3;  17.5;  10.9;    3;   0.0;   0;   11.333;-999;   4.7;  12.2; 1016.86;   15.5;   69.08;   17.7;   13.7;   13.3;eor
       5516;20170714;    3;   8.9;   3.7;    3;   0.0;   0;   13.117;-999;   4.7;  12.2; 1014.83;   15.8;   68.63;   19.9;   10.9;    9.4;eor
       5516;20170715;    3;   8.7;   2.6;    3;   0.0;   0;   13.817;-999;   3.6;  14.2; 1018.21;   16.8;   74.38;   19.9;   10.6;    8.8;eor
       5516;20170716;    3;  13.0;   5.8;    3;   0.7;   4;    1.517;-999;   6.6;  16.3; 1018.27;   16.7;   85.63;   18.4;   13.9;   13.2;eor
       5516;20170717;    3;  12.3;   7.8;    3;   0.0;   0;    7.133;-999;   4.7;  14.5; 1019.46;   16.9;   75.21;   19.4;   15.1;   14.3;eor
       5516;20170718;    3;  10.0;   4.4;    3;   0.0;   0;    6.850;-999;   3.9;  13.8; 1020.74;   16.5;   74.29;   19.2;   11.4;    9.5;eor
       5516;20170719;    3;  12.9;   5.8;    3;   2.2;   4;   14.383;-999;   3.6;  15.3; 1015.15;   16.7;   80.25;   20.4;   10.7;    8.5;eor
       5516;20170720;    3;   9.0;   4.2;    3;   8.6;   4;    1.467;-999;   7.6;  19.3; 1008.36;   18.3;   91.25;   22.1;   16.4;   15.7;eor
       5516;20170721;    3;  12.9;   4.8;    3;   0.0;   0;   12.783;-999;   4.6;  16.5; 1012.70;   18.1;   79.71;   20.1;   12.6;   10.7;eor
       5516;20170722;    3;  12.4;   5.8;    3;   5.0;   4;    0.050;-999;   7.1;  17.3; 1014.32;   16.5;   91.38;   18.3;   12.5;   10.4;eor
       5516;20170723;    3;  10.8;   4.3;    3;   1.0;   4;    4.100;-999;   5.3;  18.4; 1010.26;   17.7;   90.71;   20.2;   13.4;   12.1;eor
       5516;20170724;    3;   7.7;   3.6;    3;   0.1;   4;    8.033;-999;   7.4;  16.5; 1008.89;   17.6;   81.96;   20.5;   12.5;   10.6;eor
       5516;20170725;    3;  13.5;   7.6;    3;  13.7;   4;    0.000;-999;   7.8;  16.8; 1005.61;   16.2;   91.04;   17.4;   15.2;   13.7;eor
       5516;20170726;    3;   8.9;   4.5;    3;   0.0;   0;    5.633;-999;   6.5;  16.6; 1004.81;   17.8;   81.33;   20.3;   16.1;   14.2;eor
       5516;20170727;    3;  10.2;   4.8;    3;   0.1;   4;    1.717;-999;   7.3;  17.2; 1003.89;   18.1;   82.04;   21.3;   15.3;   14.0;eor
       5516;20170728;    3;  16.3;   4.9;    3;   7.0;   4;    9.100;-999;   6.3;  15.3; 1007.06;   17.0;   79.38;   20.7;   14.3;   13.5;eor
       5516;20170729;    3;  12.6;   5.0;    3;  23.5;   4;    5.350;-999;   6.6;  17.0; 1008.87;   17.2;   86.42;   21.2;   14.2;   13.4;eor
       5516;20170730;    3;  21.0;   5.5;    3;   7.1;   4;    5.200;-999;   6.8;  19.9; 1006.09;   19.5;   87.63;   24.9;   16.0;   15.5;eor
       5516;20170731;    3;  10.1;   3.2;    3;   0.0;   0;   10.033;-999;   5.8;  16.2; 1012.38;   18.8;   75.88;   22.5;   14.0;   12.8;eor
       5516;20170801;    3;   8.3;   2.7;    3;   2.0;   4;    0.983;-999;   7.8;  17.6; 1013.78;   18.3;   84.04;   21.7;   16.6;   15.6;eor
       5516;20170802;    3;  10.6;   4.1;    3;   0.9;   4;    6.100;-999;   6.6;  16.8; 1014.70;   18.9;   78.29;   22.9;   15.3;   14.3;eor
       5516;20170803;    3;  23.4;   5.8;    3;  14.3;   4;    2.600;-999;   6.8;  18.6; 1007.25;   18.6;   86.75;   25.4;   16.1;   15.5;eor
       5516;20170804;    3;  19.3;   9.3;    3;   1.3;   4;    4.700;-999;   5.4;  15.9; 1005.78;   18.1;   76.29;   20.4;   16.5;   15.6;eor
       5516;20170805;    3;  15.1;   8.7;    3;   3.0;   6;    9.683;-999;   3.2;  15.6; 1009.94;   17.9;   76.00;   20.2;   15.6;   14.5;eor
       5516;20170806;    3;  17.4;   9.7;    3;   0.0;   0;   12.900;-999;   2.6;  14.3; 1017.39;   16.9;   74.38;   19.3;   14.0;   12.8;eor
       5516;20170807;    3;  10.0;   3.6;    3;   0.0;   0;   12.850;-999;   6.0;  13.6; 1018.84;   18.2;   67.08;   23.4;   12.2;   10.9;eor
       5516;20170808;    3;  12.5;   4.6;    3;   0.1;   6;    3.717;-999;   7.9;  16.2; 1012.35;   18.9;   74.08;   23.4;   14.4;   13.3;eor
       5516;20170809;    3;  12.3;   5.3;    3;   0.0;   0;   11.383;-999;   3.8;  16.3; 1012.74;   19.1;   74.46;   22.7;   16.7;   15.8;eor
       5516;20170810;    3;   8.7;   4.5;    3;   0.0;   6;   10.617;-999;   4.5;  16.3; 1018.34;   18.0;   79.08;   19.8;   15.7;   13.1;eor
       5516;20170811;    3;  11.2;   6.2;    3;   1.2;   6;    0.000;-999;   7.8;  15.9; 1013.96;   16.5;   84.63;   17.3;   15.7;   15.2;eor
       5516;20170812;    3;  13.6;   7.3;    3;   8.8;   6;    0.000;-999;   6.8;  16.4; 1009.10;   16.5;   87.29;   17.8;   15.6;   14.8;eor
       5516;20170813;    3;  13.8;   7.7;    3;   0.0;   0;    8.183;-999;   4.5;  13.8; 1016.60;   17.0;   71.83;   18.8;   15.3;   13.8;eor
       5516;20170814;    3;   9.8;   4.8;    3;   0.0;   0;   12.933;-999;   3.4;  12.7; 1022.56;   16.2;   69.13;   18.8;   13.0;    9.8;eor
       5516;20170815;    3;  13.6;   5.1;    3;   5.9;   6;    5.850;-999;   7.4;  16.8; 1015.77;   20.7;   70.75;   27.0;   14.7;   13.4;eor
       5516;20170816;    3;  10.2;   4.2;    3;   0.0;   0;   10.000;-999;   5.0;  17.3; 1018.57;   18.1;   83.25;   20.2;   14.7;   13.1;eor
       5516;20170817;    3;  11.3;-999;    3;  10.4;   6;    5.000;-999;  -999;  -999;    -999;   18.0;-999;   23.5;   12.7;   10.4;eor
       5516;20170818;    3;  10.8;   3.3;    3;   2.6;   6;    0.183;-999;   7.5;  19.1; 1009.84;   18.5;   90.08;   20.3;   16.7;   16.1;eor
       5516;20170819;    3;  16.4;   7.8;    3;   0.4;   6;    6.967;-999;   4.8;  14.7; 1010.88;   16.3;   79.29;   18.7;   14.6;   13.2;eor
       5516;20170820;    3;  15.4;   9.3;    3;   0.5;   6;    6.883;-999;   5.3;  14.8; 1015.33;   15.8;   82.00;   18.1;   13.9;   12.9;eor
       5516;20170821;    3;  16.8;  11.8;    3;   0.2;   6;    3.350;-999;   6.5;  14.6; 1017.34;   16.4;   77.75;   17.9;   15.3;   14.4;eor
       5516;20170822;    3;  14.4;   8.2;    3;   0.0;   6;    8.450;-999;   4.4;  13.6; 1018.85;   16.5;   72.63;   18.1;   15.0;   14.6;eor
       5516;20170823;    3;   5.7;   2.4;    3;   0.0;   6;   12.200;-999;  -999;  14.9; 1017.61;   16.5;   80.21;   19.4;   11.0;    8.6;eor
       5516;20170824;    3;  13.8;   6.1;    3;   1.6;   6;    6.617;-999;   6.5;  15.3; 1012.71;   16.7;   80.04;   20.0;   11.8;    9.7;eor
       5516;20170825;    3;  11.2;   6.9;    3;   0.0;   0;   11.750;-999;   3.7;  16.7; 1015.55;   17.7;   82.75;   19.9;   15.4;   14.2;eor
       5516;20170826;    3;   7.4;   2.9;    3;   6.6;   6;    5.433;-999;   7.7;  16.5; 1015.43;   16.9;   85.75;   20.2;   11.5;    9.5;eor
       5516;20170827;    3;  12.2;   6.5;    3;   0.0;   0;    7.983;-999;   4.7;  16.6; 1014.71;   17.7;   81.88;   18.9;   16.3;   15.1;eor
       5516;20170828;    3;   7.6;   3.5;    3;   0.0;   0;   12.000;-999;   3.3;  15.6; 1018.86;   17.1;   80.21;   19.5;   14.7;   13.5;eor
       5516;20170829;    3;   8.3;   3.7;    3;   0.0;   0;   12.500;-999;   3.7;  16.9; 1013.44;   20.3;   71.92;   25.9;   15.3;   13.9;eor
       5516;20170830;    3;   8.4;   3.6;    3;   4.5;   6;    2.717;-999;   7.1;  20.0; 1007.71;   19.6;   87.67;   22.0;   17.4;   15.7;eor
       5516;20170831;    3;  12.5;   6.3;    3;   0.0;   6;    1.550;-999;   7.4;  17.0; 1009.58;   16.9;   88.04;   19.3;   14.6;   14.4;eor
       5516;20170901;    3;   9.7;   3.9;    3;   0.0;   0;   10.450;-999;   5.9;  13.9; 1018.68;   16.4;   74.50;   17.7;   14.8;   11.8;eor
       5516;20170902;    3;   6.6;   3.7;    3;   0.2;   6;   11.017;-999;   4.5;  13.4; 1018.10;   16.1;   73.63;   17.5;   13.2;   12.1;eor
       5516;20170903;    3;   6.0;   2.6;    3;   0.0;   0;    7.017;-999;   4.1;  12.8; 1015.78;   15.6;   72.04;   17.6;   12.9;   10.9;eor
       5516;20170904;    3;  10.3;   6.3;    3;   0.0;   0;   12.417;-999;   0.5;  14.0; 1014.40;   16.6;   74.08;   18.3;   12.7;   10.0;eor
       5516;20170905;    3;   7.2;   2.6;    3;   0.2;   6;    9.017;-999;   6.0;  14.4; 1015.84;   16.5;   78.17;   21.4;   10.1;    7.1;eor
       5516;20170906;    3;  19.5;   5.7;    3;  29.9;   6;    0.150;-999;   7.8;  17.4; 1007.54;   17.0;   89.00;   18.5;   14.7;   14.0;eor
       5516;20170907;    3;  17.0;  10.9;    3;   0.6;   6;    1.483;-999;   7.8;  14.1; 1007.34;   16.2;   76.42;   17.8;   14.5;   13.9;eor
       5516;20170908;    3;  14.8;   5.7;    3;   3.4;   6;    0.033;-999;   7.7;  15.0;  999.36;   14.8;   88.54;   16.4;   13.6;   12.5;eor
       5516;20170909;    3;  12.0;   4.6;    3;   8.7;   6;    0.667;-999;   6.5;  14.6;  994.53;   14.6;   87.67;   16.3;   13.0;   12.2;eor
       5516;20170910;    3;  10.2;   4.9;    3;   0.0;   6;   10.817;-999;   1.4;  13.4;  999.90;   15.3;   77.54;   18.6;   12.2;   10.8;eor
       5516;20170911;    3;  13.8;   6.3;    3;   0.0;   6;    4.767;-999;   6.5;  12.9;  994.15;   15.3;   74.25;   18.6;   13.6;   12.5;eor
       5516;20170912;    3;  15.0;   7.3;    3;   0.2;   6;    5.233;-999;   5.0;  13.2;  998.77;   14.8;   78.25;   18.3;   12.9;   12.0;eor
       5516;20170913;    3;  27.1;  10.7;    3;   5.8;   6;    1.500;-999;  -999;  12.8;  991.30;   13.3;   84.00;   16.2;   11.4;   10.5;eor
       5516;20170914;    3;  20.1;  11.9;    3;  11.4;   6;    1.867;-999;   5.8;  12.7;  993.38;   13.3;   83.04;   14.5;   10.9;    9.8;eor
       5516;20170915;    3;  15.3;   8.3;    3;   0.1;   6;    7.667;-999;   5.5;  12.4; 1004.88;   14.1;   77.17;   16.5;   12.5;   11.1;eor
       5516;20170916;    1;  10.4;   3.5;    3;   0.0;   6;    2.600;-999;   5.5;  11.8; 1009.03;   11.7;   85.71;   13.6;    9.8;    8.1;eor
       5516;20170917;    1;   8.2;   2.1;    1;   0.0;   6;    2.733;-999;   4.8;  12.3; 1012.33;   12.8;   83.08;   15.9;   10.3;    6.3;eor
       5516;20170918;    1;   5.8;   2.5;    1;   1.5;   6;    9.317;-999;   6.3;  12.1; 1012.76;   13.3;   79.08;   15.5;   11.3;    8.7;eor
       5516;20170919;    1;  12.5;   6.6;    1;   1.5;   6;    6.067;-999;   7.6;  13.2; 1013.63;   14.0;   82.58;   16.3;   12.8;   10.7;eor
       5516;20170920;    1;  13.2;   8.5;    1;   0.1;   6;    2.617;-999;   7.7;  14.1; 1015.19;   13.9;   88.96;   16.1;   12.4;   11.8;eor
       5516;20170921;    1;   7.6;   2.9;    1;   0.0;   6;    3.533;-999;   6.9;  14.2; 1019.55;   14.0;   88.92;   17.6;   11.5;    8.6;eor
       5516;20170922;    1;   5.2;   2.1;    1;   0.0;   0;    7.750;-999;   4.1;  13.1; 1020.53;   12.6;   90.25;   15.5;    9.0;    6.1;eor
       5516;20170923;    1;   7.1;   2.8;    1;   1.2;   6;   10.250;-999;   4.5;  13.6; 1023.04;   13.4;   88.79;   15.8;    7.2;    4.4;eor
       5516;20170924;    1;  11.6;   5.7;    1;   0.0;   6;    4.867;-999;   7.6;  16.1; 1023.69;   15.2;   93.38;   17.2;   14.4;   13.6;eor
       5516;20170925;    1;  13.8;   7.0;    1;   0.0;   6;    5.083;-999;   7.3;  15.4; 1024.17;   15.1;   89.08;   17.3;   14.3;   13.7;eor
       5516;20170926;    1;  12.5;   6.1;    1;   0.0;   6;    0.700;-999;   7.9;  15.3; 1026.06;   14.9;   90.04;   16.3;   13.9;   12.8;eor
       5516;20170927;    1;  12.9;   6.4;    1;   0.0;   6;    2.517;-999;   7.4;  15.3; 1026.65;   14.9;   89.67;   16.7;   13.5;   12.6;eor
       5516;20170928;    1;  12.3;   5.7;    1;   0.2;   6;    1.867;-999;   7.7;  13.5; 1025.50;   14.0;   84.92;   15.6;   12.4;   11.0;eor
       5516;20170929;    1;  11.2;   5.1;    1;   0.0;   0;    5.750;-999;   7.4;  14.6; 1022.38;   15.0;   85.79;   18.0;   13.3;   12.5;eor
       5516;20170930;    1;  11.3;   6.2;    1;   2.0;   6;    1.300;-999;   8.0;  12.8; 1016.39;   14.2;   78.71;   16.8;   11.7;   10.9;eor
       5516;20171001;    1;  11.3;   4.8;    1;   2.1;   6;    5.983;-999;   4.9;  13.6; 1017.64;   14.3;   83.50;   17.3;   12.6;   11.3;eor
       5516;20171002;    1;  15.3;   7.5;    1;   8.2;   6;    1.150;-999;   7.7;  13.4; 1006.91;   13.7;   85.00;   16.9;   11.5;   10.8;eor
       5516;20171003;    1;  17.6;  10.7;    1;   0.6;   6;    7.067;-999;   5.6;  13.0; 1008.77;   13.6;   83.25;   15.8;   12.4;   11.4;eor
       5516;20171004;    1;  20.7;  12.1;    1;  10.9;   6;    0.000;-999;   7.8;  12.1; 1009.22;   12.5;   82.88;   13.3;   10.1;    9.4;eor
       5516;20171005;    1;  20.2;  10.7;    1;  21.7;   6;    0.733;   0;   7.3;  11.2;  999.04;   11.3;   84.00;   12.8;    8.0;    7.3;eor
       5516;20171006;    1;  17.3;  10.3;    1;   1.1;   6;    7.350;-999;   4.8;  11.8; 1006.78;   13.0;   78.88;   14.5;   11.3;   10.3;eor
       5516;20171007;    1;  17.7;  10.3;    1;   5.3;   6;    0.000;   0;   7.5;  12.2; 1006.17;   11.8;   87.75;   13.1;   10.7;    9.7;eor
       5516;20171008;    1;  13.3;   8.6;    1;   0.0;   0;    8.917;   0;   2.6;   9.0; 1010.28;   11.3;   67.63;   12.1;   10.1;    9.2;eor
       5516;20171009;    1;  13.8;   7.6;    1;   0.0;   6;    9.017;   0;   3.9;  10.5; 1013.90;   12.0;   74.92;   12.9;   11.1;    9.7;eor
       5516;20171010;    1;  15.9;   5.3;    1;   3.9;   6;    0.183;   0;   8.0;  13.3; 1009.06;   12.5;   91.29;   14.4;   10.0;    9.6;eor
       5516;20171011;    1;  14.7;   6.8;    1;   0.7;   6;    0.500;   0;   7.7;  14.7; 1008.12;   14.0;   92.04;   14.9;   12.4;   11.8;eor
       5516;20171012;    1;  23.0;  12.9;    1;   0.3;   6;    4.267;   0;   7.2;  12.4; 1009.40;   13.5;   80.08;   14.2;   12.1;   11.1;eor
       5516;20171013;    1;  13.4;   6.6;    1;   0.0;   0;    5.617;   0;   7.5;  13.5; 1019.56;   13.6;   86.13;   15.3;   11.4;   10.4;eor
       5516;20171014;    1;  12.3;   6.9;    1;   0.0;   6;    0.000;   0;   7.8;  16.2; 1020.30;   15.1;   94.67;   15.8;   14.7;   14.2;eor
       5516;20171015;    1;   9.0;   4.6;    1;   0.0;   0;    5.100;   0;   4.6;  16.0; 1021.21;   15.5;   91.00;   18.1;   13.6;   12.7;eor
       5516;20171016;    1;   9.4;   3.9;    1;   0.0;   0;    1.433;   0;   2.7;  15.1; 1018.52;   14.4;   91.88;   15.8;   12.7;   11.4;eor
