551620160415;5516;20160415;1;10;4.2;2.9;9.5;0.5
551620160416;5516;20160416;1;10;6;3.7;15.8;6.617
551620160417;5516;20160417;1;10;10.7;0;16.2;12.383
551620160418;5516;20160418;1;10;9.5;0;16.1;1.583
551620160419;5516;20160419;1;10;12.6;0;19.8;9.667
551620160420;5516;20160420;1;10;9.8;0;16.8;11.117
551620160421;5516;20160421;1;10;8.3;0;16.3;11.5
551620160422;5516;20160422;1;10;8.6;0;17.5;13.15
551620160423;5516;20160423;1;10;7.8;2.2;12.5;9.933
551620160424;5516;20160424;1;10;5.4;1.2;12.5;7.667
551620160425;5516;20160425;1;10;5.8;7.8;11.8;5.017
551620160426;5516;20160426;1;10;4.7;9;13.9;3.35
551620160427;5516;20160427;1;10;2.7;4.6;11.8;3.667
551620160428;5516;20160428;1;10;6.3;0.3;12.3;6.583
551620160429;5516;20160429;1;10;5;0;14.1;5.25
551620160430;5516;20160430;1;10;3.2;0;7.3;4.067
551620160501;5516;20160501;1;10;4.5;0;9.2;11.417
551620160502;5516;20160502;1;10;3.5;0;9.1;13
551620160503;5516;20160503;1;10;6.7;0.8;13.1;3.3
551620160504;5516;20160504;1;10;4.7;0;10.7;13.867
551620160505;5516;20160505;1;10;2.6;0;8.2;14.417
551620160506;5516;20160506;1;10;5.9;0;12.2;13.683
551620160507;5516;20160507;1;10;6.1;0;14;14
551620160508;5516;20160508;1;10;6.2;0;13.1;14.35
551620160509;5516;20160509;1;10;7;0;13.3;14.05
551620160510;5516;20160510;1;10;5.7;0;12.1;14
551620160511;5516;20160511;1;10;7.8;0;16.2;12.9
551620160512;5516;20160512;1;10;8.7;0;14.4;14.217
551620160513;5516;20160513;1;10;4.4;0;12;13.7
551620160514;5516;20160514;1;10;8.4;0.3;13.2;6.117
551620160515;5516;20160515;1;10;9.8;8.7;16.6;7.683
551620160516;5516;20160516;1;10;12.5;0;17.8;12.517
551620160517;5516;20160517;1;10;9.4;0.1;14.3;0.067
551620160518;5516;20160518;1;10;3.8;0;9.1;7.167
551620160519;5516;20160519;1;10;2.9;0;7;10.55
551620160520;5516;20160520;1;10;4.4;0.7;9.8;1.733
551620160521;5516;20160521;1;10;3.3;0;7.9;4
551620160522;5516;20160522;1;10;5.2;10.1;15.5;10.217
551620160523;5516;20160523;1;10;3.7;3.5;9.9;2.433
551620160524;5516;20160524;1;10;6.2;0.1;10.8;0
551620160525;5516;20160525;1;10;5;0;8.3;4.167
551620160526;5516;20160526;1;10;3.4;0.1;8.5;0.667
551620160527;5516;20160527;1;10;2.3;0;5.6;3.767
551620160528;5516;20160528;1;10;5;0;11.3;9.65
551620160529;5516;20160529;1;10;5.6;0;12.3;1.717
551620160530;5516;20160530;1;10;9.1;0;16.3;6.667
551620160531;5516;20160531;1;10;7.1;1.2;13.4;13.267
551620160601;5516;20160601;1;10;5.4;0;13.3;9.317
551620160602;5516;20160602;1;10;6.1;0;13.5;10.367
551620160603;5516;20160603;1;10;5.6;0;10.5;14.767
551620160604;5516;20160604;1;10;2.2;0;5.3;15.667
551620160605;5516;20160605;1;10;2.9;0;9.6;15.517
551620160606;5516;20160606;1;10;6.3;0;14;15.85
551620160607;5516;20160607;1;10;4.5;0;11.2;13.733
551620160608;5516;20160608;1;10;7.6;0;12.4;1.667
551620160609;5516;20160609;1;10;4.6;0;14;13.633
551620160610;5516;20160610;1;10;8;0;17;8.983
551620160611;5516;20160611;1;10;3.8;0;8.4;15.133
551620160612;5516;20160612;1;10;4.4;2.2;9.4;0.033
551620160613;5516;20160613;1;10;7;0;13.5;4.783
551620160614;5516;20160614;1;10;4.6;0;8.3;3.217
551620160615;5516;20160615;1;10;2.6;0;7.1;3.067
551620160616;5516;20160616;1;10;2.6;0;7;5.9
551620160617;5516;20160617;1;10;4.7;0;13.3;4.033
551620160618;5516;20160618;1;10;8.6;0;12.8;10.717
551620160619;5516;20160619;1;10;8.4;0;12.7;2.717
551620160620;5516;20160620;1;10;4.6;7.9;11.2;9.75
551620160621;5516;20160621;1;10;4.4;0;11.8;9.933
551620160622;5516;20160622;1;10;2.7;1.3;8.4;6.45
551620160623;5516;20160623;1;10;4;3.8;14.4;7.567
551620160624;5516;20160624;1;10;2.8;0.5;9.8;4.3
551620160625;5516;20160625;1;10;6.4;1.7;16.9;1.5
551620160626;5516;20160626;1;10;7.7;0;16.8;10.967
551620160627;5516;20160627;1;10;6;0.8;12.7;7.75
551620160628;5516;20160628;1;10;4.4;3.2;8.7;7.95
551620160629;5516;20160629;1;10;4.3;9.9;14.5;3.917
551620160630;5516;20160630;1;10;3.7;0.4;11;0.833
551620160701;5516;20160701;1;10;4.8;2;13;1.367
551620160702;5516;20160702;1;10;6.3;2.6;13.7;1.967
551620160703;5516;20160703;1;10;6.8;2.5;16.7;12.55
551620160704;5516;20160704;1;10;6.5;0;14;10.717
551620160705;5516;20160705;1;10;5.3;11.5;19.3;5.167
551620160706;5516;20160706;1;10;15.1;0;21.4;7.733
551620160707;5516;20160707;1;10;8;0;14.3;9.017
551620160708;5516;20160708;1;10;5.4;5.4;19.1;6.267
551620160709;5516;20160709;1;10;9;0.4;17;5.35
551620160710;5516;20160710;1;10;3.8;3.6;11.6;1.8
551620160711;5516;20160711;1;10;5.8;0.9;14.4;5.533
551620160712;5516;20160712;1;10;7.5;5.9;16.3;9.683
551620160713;5516;20160713;1;10;4.1;0;10.4;4.617
551620160714;5516;20160714;1;10;8.8;0;16.6;7.217
551620160715;5516;20160715;1;10;12.1;0;17.6;1
551620160716;5516;20160716;1;10;6.2;0.1;10.9;0.75
551620160717;5516;20160717;1;10;5.8;0.6;12.9;4.033
551620160718;5516;20160718;1;10;7;0;11.3;1.7
551620160719;5516;20160719;1;10;3.6;0;10.8;5.983
551620160720;5516;20160720;1;10;4.2;0;10.7;15.167
551620160721;5516;20160721;1;10;5.4;2.4;11.9;8.9
551620160722;5516;20160722;1;10;4.9;0;10.8;10.333
551620160723;5516;20160723;1;10;3.5;0;7.9;10.9
551620160724;5516;20160724;1;10;4.2;0;8.7;11.117
551620160725;5516;20160725;1;10;3.1;1.7;10.5;6.533
551620160726;5516;20160726;1;10;4.9;0;9.6;12.983
551620160727;5516;20160727;1;10;3.7;0;9.7;0.633
551620160728;5516;20160728;1;10;4.4;3.6;11.8;12.967
551620160729;5516;20160729;1;10;3.3;1.5;11.1;4.367
551620160730;5516;20160730;1;10;6.7;1.6;12.3;7.367
551620160731;5516;20160731;1;10;3.4;1.7;10.1;3.017
551620160801;5516;20160801;1;10;8.2;0;12.2;8.867
551620160802;5516;20160802;1;10;4;0.4;10.6;9.717
551620160803;5516;20160803;1;10;5.1;5.9;14.4;0.017
551620160804;5516;20160804;1;10;6.5;0;16.9;7.083
551620160805;5516;20160805;1;10;6.9;0.2;14.3;10.933
551620160806;5516;20160806;1;10;9.2;1.6;15.5;6.267
551620160807;5516;20160807;1;10;6.9;0.1;11.7;2.483
551620160808;5516;20160808;1;10;9.7;2.1;19.2;6.067
551620160809;5516;20160809;1;10;10.4;0.9;16.9;4.95
551620160810;5516;20160810;1;10;10.1;0.1;16;10.767
551620160811;5516;20160811;1;10;7;0.8;14.7;5.267
551620160812;5516;20160812;1;10;6;0.1;16.3;0.1
551620160813;5516;20160813;1;10;8.3;0;14.4;3.05
551620160814;5516;20160814;1;10;7.9;0;12.7;7.067
551620160815;5516;20160815;1;10;6.2;0;10.8;6.9
551620160816;5516;20160816;1;10;4.1;0;8.5;9.183
551620160817;5516;20160817;1;10;4;0.1;8.8;13.733
551620160818;5516;20160818;1;10;5.6;0;10.5;8.017
551620160819;5516;20160819;1;10;3.4;0.1;6.4;8.217
551620160820;5516;20160820;1;10;3.1;1.4;9.2;2.117
551620160821;5516;20160821;1;10;3.4;0.2;11.2;8.417
551620160822;5516;20160822;1;10;5.8;4.8;11;6.367
551620160823;5516;20160823;1;10;4.4;0;10.6;4.483
551620160824;5516;20160824;1;10;3.8;0;8.9;12.45
551620160825;5516;20160825;1;10;5.6;0;11.7;13.083
551620160826;5516;20160826;1;10;6;0;10.8;12.45
551620160827;5516;20160827;1;10;3.5;11.7;7.9;11.033
551620160828;5516;20160828;1;10;5.9;0.5;17.2;5.367
551620160829;5516;20160829;1;10;10.8;0;16.5;7.083
551620160830;5516;20160830;1;10;7.5;0;13.1;10.967
551620160831;5516;20160831;1;10;3.5;0;8.8;10.567
551620160901;5516;20160901;1;10;5.4;2.3;13.4;8.133
551620160902;5516;20160902;1;10;4.7;0.3;10.8;5.067
551620160903;5516;20160903;1;10;6.2;14.3;11.6;4.933
551620160904;5516;20160904;1;10;3.3;3;10;1.4
551620160905;5516;20160905;1;10;4.7;0;11.3;10.25
551620160906;5516;20160906;1;10;2.8;0;7.3;11.55
551620160907;5516;20160907;1;10;2.9;0;7.3;11.433
551620160908;5516;20160908;1;10;3.7;0;10.2;11.517
551620160909;5516;20160909;1;10;4.6;0;10.8;7.867
551620160910;5516;20160910;1;10;3.6;0;9.5;11.183
551620160911;5516;20160911;1;10;3.8;0;7.9;6.817
551620160912;5516;20160912;1;10;4.8;0;11.1;11.05
551620160913;5516;20160913;1;10;4.8;0;8.9;10.883
551620160914;5516;20160914;1;10;5.7;0;11.2;10.883
551620160915;5516;20160915;1;10;4.8;0;10.2;11.15
551620160916;5516;20160916;1;10;5.8;0;11.7;7.95
551620160917;5516;20160917;1;10;8.1;0;13.7;5.333
551620160918;5516;20160918;1;10;6.9;0.3;12.9;1.65
551620160919;5516;20160919;1;10;4;0;7.9;1.617
551620160920;5516;20160920;1;10;4.4;0.7;9.9;4.633
551620160921;5516;20160921;1;10;4.2;0;8.8;7.55
551620160922;5516;20160922;1;10;2.9;0;7.1;7.9
551620160923;5516;20160923;1;10;4.7;0.5;11.8;4.133
551620160924;5516;20160924;1;10;4;0;8.3;9.267
551620160925;5516;20160925;1;10;4.9;0;10.8;9.067
551620160926;5516;20160926;1;10;4;0.1;9.7;2.167
551620160927;5516;20160927;1;10;3;0;9.4;8.433
551620160928;5516;20160928;1;10;10.7;0;18.9;3.533
551620160929;5516;20160929;1;10;9.5;3.2;22;0
551620160930;5516;20160930;1;10;8.7;0.6;17.9;2.217
551620161001;5516;20161001;1;10;3.8;1.3;10.6;3
551620161002;5516;20161002;1;10;2.3;0.6;7.5;4.3
551620161003;5516;20161003;1;10;6.1;4;15.3;4.817
551620161004;5516;20161004;1;10;9;0;14.7;9.4
551620161005;5516;20161005;1;10;9.1;0;16;6.6
551620161006;5516;20161006;1;10;10.4;0;16.4;0
551620161007;5516;20161007;1;10;9.2;0;15.3;0
551620161008;5516;20161008;1;10;8.5;0.2;14.5;7.083
551620161009;5516;20161009;1;10;4.8;0.6;10.5;1.2
551620161010;5516;20161010;1;10;7;10;15.1;0
551620161011;5516;20161011;1;10;10.7;11.3;15.7;0
551620161012;5516;20161012;1;10;7.7;5.7;15.8;0.2
551620161013;5516;20161013;1;10;6.7;0;16.8;2.767
551620161014;5516;20161014;1;10;9;0;16.7;1.183
551620161015;5516;20161015;1;10;7.8;0.8;17.5;0
551620161016;5516;20161016;1;10;4.1;0;8.3;0
551620161017;5516;20161017;1;10;5.2;0.2;10.5;0
551620161018;5516;20161018;1;10;3.7;14.5;9.7;0.817
551620161019;5516;20161019;1;10;2.6;11.6;7;0
551620161020;5516;20161020;1;10;5.3;4.2;12.2;0
551620161021;5516;20161021;1;10;5.6;1.6;10.8;1.617
551620161022;5516;20161022;1;10;4.9;2.6;11.6;0
551620161023;5516;20161023;1;10;2.1;0;5.5;0.2
551620161024;5516;20161024;1;10;4.2;0;7.9;4.5
551620161025;5516;20161025;1;10;3.6;0;7.6;1.533
551620161026;5516;20161026;1;10;3.6;1.4;7.9;1.75
551620161027;5516;20161027;1;10;5.7;0.1;12;3.817
551620161028;5516;20161028;1;10;9.5;0.6;16.3;1.783
551620161029;5516;20161029;1;10;12;0;18.4;7.017
551620161030;5516;20161030;1;10;6.2;0;15.5;1.55
551620161031;5516;20161031;1;10;4.1;1;7.9;0.267
551620161101;5516;20161101;1;10;9.7;0;17.8;0.85
551620161102;5516;20161102;1;10;12.3;1.8;19.8;2.683
551620161103;5516;20161103;1;10;4.4;2.1;12;3.867
551620161104;5516;20161104;1;10;5.2;0.8;13.5;0.017
551620161105;5516;20161105;1;10;4;4.9;10.5;0
551620161106;5516;20161106;1;10;5.4;1.1;16;0.033
551620161107;5516;20161107;1;10;8;0;14.6;0.15
551620161108;5516;20161108;1;10;7.5;3.2;12.5;0
551620161109;5516;20161109;1;10;5.1;0;13.7;6.567
551620161110;5516;20161110;1;10;3.7;0;10.1;2.083
551620161111;5516;20161111;1;10;5.7;0;10.2;5.117
551620161112;5516;20161112;1;10;2.9;0;7.1;2.867
551620161113;5516;20161113;1;10;4.7;0;10.1;5.367
551620161114;5516;20161114;1;10;4.4;2.6;9.9;4.917
551620161115;5516;20161115;1;10;6.7;1.2;11.9;0
551620161116;5516;20161116;1;10;5.6;3.9;12.3;0.15
551620161117;5516;20161117;1;10;5.3;6.5;13.9;3.467
551620161118;5516;20161118;1;10;6.7;2.6;17.1;1.733
551620161119;5516;20161119;1;10;5.7;0;14.1;2.033
551620161120;5516;20161120;1;10;8.1;1.2;19.8;0.85
551620161121;5516;20161121;1;10;5.1;0;12.1;0.617
551620161122;5516;20161122;1;10;4.4;0;11.6;0
551620161123;5516;20161123;1;10;2.4;0;8.2;0
551620161124;5516;20161124;1;10;4.3;0;9;5.233
551620161125;5516;20161125;1;10;3.6;0;8.5;0
551620161126;5516;20161126;1;10;10.1;0;17.7;0.75
551620161127;5516;20161127;1;10;9.8;0;17.8;5.367
551620161128;5516;20161128;1;10;7.4;0;14.1;5.733
551620161129;5516;20161129;1;10;10.2;0;18;0.667
551620161130;5516;20161130;1;10;11.9;4;17.9;0
551620161201;5516;20161201;1;10;13.2;0.6;20.7;0.233
551620161202;5516;20161202;1;10;8.8;0;17.9;5.717
551620161203;5516;20161203;1;10;4.5;0;9.5;4.983
551620161204;5516;20161204;1;10;6.7;0;10.2;0
551620161205;5516;20161205;1;10;8.1;0;13.4;2.483
551620161206;5516;20161206;1;10;4.8;0;13.1;0.067
551620161207;5516;20161207;1;10;6;1.1;13.9;0
551620161208;5516;20161208;1;10;8.9;6.9;14.9;0
551620161209;5516;20161209;1;10;8.1;1.7;15.2;0
551620161210;5516;20161210;1;10;8;4.8;11.8;0
551620161211;5516;20161211;1;10;7.5;11.6;13.7;0.283
551620161212;5516;20161212;1;10;5.3;0.1;13.4;1.567
551620161213;5516;20161213;1;10;3.1;0;6.8;0
551620161214;5516;20161214;1;10;2;0;6.4;3.767
551620161215;5516;20161215;1;10;4.6;0;10.2;0
551620161216;5516;20161216;1;10;4;0;11.8;0.033
551620161217;5516;20161217;1;10;4.4;2.2;9.8;0
551620161218;5516;20161218;1;10;5.3;0;12.5;0.533
551620161219;5516;20161219;1;10;2.3;0;6.4;0
551620161220;5516;20161220;1;10;4.6;0;12.8;0
551620161221;5516;20161221;1;10;5.5;1.9;13.6;1.3
551620161222;5516;20161222;1;10;5.7;1.5;13.8;0
551620161223;5516;20161223;1;10;7.5;1.2;15.7;0.7
551620161224;5516;20161224;1;10;10.2;7.6;21.9;0.133
551620161225;5516;20161225;1;10;9.9;0.9;15.5;0
551620161226;5516;20161226;1;10;13.6;3.6;29.1;2.767
551620161227;5516;20161227;1;10;14.2;0;28.1;4
551620161228;5516;20161228;1;10;7.2;0;13.6;3.55
551620161229;5516;20161229;1;10;6.5;0;11.5;3.117
551620161230;5516;20161230;1;10;7;0;12.7;4.517
551620161231;5516;20161231;1;10;8.7;0.1;15.8;0
551620170101;5516;20170101;1;10;8.1;4.6;14.1;0
551620170102;5516;20170102;1;10;7.7;1;13.4;4.55
551620170103;5516;20170103;1;10;12.3;4.7;23.6;0
551620170104;5516;20170104;1;10;14.3;1.8;28;1.65
551620170105;5516;20170105;1;10;8.3;0;13;5.267
551620170106;5516;20170106;1;10;2.9;0;8.4;5.533
551620170107;5516;20170107;1;10;7.3;0.8;16.6;0
551620170108;5516;20170108;1;10;3.6;0;8.9;0
551620170109;5516;20170109;1;10;4.9;0;12.7;0.017
551620170110;5516;20170110;1;10;6.7;0;13;0.233
551620170111;5516;20170111;1;10;10.4;4.6;21.8;0
551620170112;5516;20170112;1;10;11.1;3.7;22.9;2.333
551620170113;5516;20170113;1;10;4.9;0.9;9.1;0.817
551620170114;5516;20170114;1;10;8;0;15.1;5
551620170115;5516;20170115;1;10;7.8;0;14.5;1.25
551620170116;5516;20170116;1;10;5.9;0;10.2;5.867
551620170117;5516;20170117;1;10;3.3;0;7.6;2.5
551620170118;5516;20170118;1;10;6.1;0;9.8;0
551620170119;5516;20170119;1;10;7.9;0;11.8;0
551620170120;5516;20170120;1;10;6.8;0;10.8;0
551620170121;5516;20170121;1;10;3.9;0;10.8;0
551620170122;5516;20170122;1;10;2.5;0;6.9;0
551620170123;5516;20170123;1;10;4.6;0;10.6;0.183
551620170124;5516;20170124;1;10;6.2;0;9.7;0
551620170125;5516;20170125;1;10;4.6;0;8.8;0
551620170126;5516;20170126;1;10;3.7;0;8.3;0.317
551620170127;5516;20170127;1;10;4.9;0;10.3;7.05
551620170128;5516;20170128;1;10;3.8;0.6;7.7;7.083
551620170129;5516;20170129;1;10;4.2;1.3;8.9;0
551620170130;5516;20170130;1;10;6.3;7.2;14.2;0
551620170131;5516;20170131;1;10;7.1;0;13.2;0
551620170201;5516;20170201;1;10;4.6;0;12.4;0
551620170202;5516;20170202;1;10;6;0;12.2;0
551620170203;5516;20170203;1;10;5.2;0.5;10.1;0
551620170204;5516;20170204;1;10;4.4;0;10.7;0.017
551620170205;5516;20170205;1;10;6.3;2.2;11.8;0
551620170206;5516;20170206;1;10;7.7;1.6;16.3;1.417
551620170207;5516;20170207;1;10;8.4;3.1;17.1;0
551620170208;5516;20170208;1;10;6.6;0;14.2;0
551620170209;5516;20170209;1;10;4.8;0;9.4;0
551620170210;5516;20170210;1;10;7.8;0;14.3;0.383
551620170211;5516;20170211;1;10;10.2;0;18.3;0
551620170212;5516;20170212;1;10;8.7;0;14.4;0.017
551620170213;5516;20170213;1;10;5.4;0;9.4;4.417
551620170214;5516;20170214;1;10;4;0;7.6;1.217
551620170215;5516;20170215;1;10;2.8;0;7.1;8.5
551620170216;5516;20170216;1;10;5.2;1.7;10.8;2.683
551620170217;5516;20170217;1;10;4.8;0.1;9.9;0.083
551620170218;5516;20170218;1;10;6.2;0.8;11.4;0
551620170219;5516;20170219;1;10;6.4;1;10.4;0
551620170220;5516;20170220;1;10;9.1;0.3;15;0
551620170221;5516;20170221;1;10;9.6;8;14.4;4.367
551620170222;5516;20170222;1;10;11.9;2.1;20.8;3.483
551620170223;5516;20170223;1;10;8.8;10.2;21.5;0
551620170224;5516;20170224;1;10;9.7;0;17.9;7.233
551620170225;5516;20170225;1;10;7.4;2.6;14.7;2.033
551620170226;5516;20170226;1;10;6.9;0.1;12.3;0
551620170227;5516;20170227;1;10;6.6;0.5;14.3;0
551620170228;5516;20170228;1;10;6.1;1.7;18.9;2.6
551620170301;5516;20170301;1;10;6.6;0.5;13.8;1.967
551620170302;5516;20170302;1;10;6.6;0.9;16.3;4.9
551620170303;5516;20170303;1;10;5.4;0;12.5;7
551620170304;5516;20170304;1;10;4;0;9.2;2.467
551620170305;5516;20170305;1;10;4.4;6.9;10.3;0.233
551620170306;5516;20170306;1;10;10.3;1.1;17.7;0
551620170307;5516;20170307;1;10;4.8;0;12.5;0
551620170308;5516;20170308;1;10;5.3;1.6;13.2;0.15
551620170309;5516;20170309;1;10;4.1;1.9;9.2;0.167
551620170310;5516;20170310;1;10;7.5;0;14.2;1.967
551620170311;5516;20170311;1;10;3.6;0;9.1;2.45
551620170312;5516;20170312;1;10;5.5;0;12.2;3.283
551620170313;5516;20170313;1;10;3.8;0;8.8;2.567
551620170314;5516;20170314;1;10;6.7;0;12.5;1.15
551620170315;5516;20170315;1;10;9.3;0;12.8;10.167
551620170316;5516;20170316;1;10;6.9;0;14.5;6.433
551620170317;5516;20170317;1;10;9.1;5.2;17.8;3.1
551620170318;5516;20170318;1;10;10.7;0.5;21.9;4.983
551620170319;5516;20170319;1;10;6.5;11;14.4;0
551620170320;5516;20170320;1;10;6.3;10.3;19.3;0.033
551620170321;5516;20170321;1;10;8.3;1.5;16.1;8.017
551620170322;5516;20170322;1;10;4.8;0;13.2;11.3
551620170323;5516;20170323;1;10;3.8;0;8.2;1.533
551620170324;5516;20170324;1;10;2.8;0;7.8;10.533
551620170325;5516;20170325;1;10;6.8;0;12.4;5.417
551620170326;5516;20170326;1;10;2;0;5.4;5.133
551620170327;5516;20170327;1;10;3.7;0;5.8;5.767
551620170328;5516;20170328;1;10;2.7;0.9;6.6;11.417
551620170329;5516;20170329;1;10;6.4;0.4;13.6;0.517
551620170330;5516;20170330;1;10;4.3;0.3;8.3;0.533
551620170331;5516;20170331;1;10;4.1;0;9.3;4.117
551620170401;5516;20170401;1;10;3.3;6.4;14.3;7.15
551620170402;5516;20170402;1;10;4.8;0;12.3;7.75
551620170403;5516;20170403;1;10;4;0;8.7;11.367
551620170404;5516;20170404;1;10;2.3;0;5.3;11.8
551620170405;5516;20170405;1;10;9.4;0;19.9;4.9
551620170406;5516;20170406;1;10;9.9;0;16.7;7.517
551620170407;5516;20170407;1;10;9.5;0;14.7;4.283
551620170408;5516;20170408;1;10;6.6;0;13.6;0.783
551620170409;5516;20170409;1;10;3.8;0;9.7;12.583
551620170410;5516;20170410;1;10;9.6;1.1;19.7;2.033
551620170411;5516;20170411;1;10;11.3;4.5;19.7;9.15
551620170412;5516;20170412;1;10;10.1;2.9;16;0
551620170413;5516;20170413;1;10;11.2;1.3;17;5.75
551620170414;5516;20170414;1;10;9.3;4;17.5;4.083
551620170415;5516;20170415;1;10;10;4;21;5.433
551620170416;5516;20170416;1;10;3.8;4.6;14.1;2.417
551620170417;5516;20170417;1;10;7.2;0;16;9.433
551620170418;5516;20170418;1;10;7.7;0.1;15.3;6.917
551620170419;5516;20170419;1;10;2.6;0;7.7;10.55
551620170420;5516;20170420;1;10;7.2;0;14.6;4.633
551620170421;5516;20170421;1;10;11.2;0.7;20.3;0.2
551620170422;5516;20170422;1;10;13.3;0;20;11.367
551620170423;5516;20170423;1;10;11.9;0;16.9;9.733
551620170424;5516;20170424;1;10;9.1;0.5;17.1;0.65
551620170425;5516;20170425;1;10;5.8;0;20.2;7.45
551620170426;5516;20170426;1;10;4.4;0;9.6;13.3
551620170427;5516;20170427;1;10;5.3;0.1;11.4;9.6
551620170428;5516;20170428;1;10;4.2;3.7;11.2;1.067
551620170429;5516;20170429;1;10;3.8;1.1;8.7;8
551620170430;5516;20170430;1;10;7.1;0;15.1;13.9
551620170501;5516;20170501;1;10;11;0;18.7;12.883
551620170502;5516;20170502;1;10;11.8;1.2;19.8;10.4
551620170503;5516;20170503;1;10;10.6;0;17.7;3.567
551620170504;5516;20170504;1;10;11.4;0.5;20.2;1.533
551620170505;5516;20170505;1;10;7.4;3.7;14.8;0
551620170506;5516;20170506;1;10;1.7;0;4.5;0.133
551620170507;5516;20170507;1;10;3.1;0;12.2;12.467
551620170508;5516;20170508;1;10;8.6;0.1;14.1;7.783
551620170509;5516;20170509;1;10;5.8;1.5;12.9;10.217
551620170510;5516;20170510;1;10;6.9;0;13.6;0.683
551620170511;5516;20170511;1;10;5;0;12.4;10.833
551620170512;5516;20170512;1;10;9.2;0;14.9;3.533
551620170513;5516;20170513;1;10;4.6;5.2;10;4.65
551620170514;5516;20170514;1;10;2.7;0.9;8.2;11.383
551620170515;5516;20170515;1;10;3.8;0.4;8.6;8.217
551620170516;5516;20170516;1;10;4.7;8.6;11.1;0
551620170517;5516;20170517;1;10;4;0;8.8;4.483
551620170518;5516;20170518;1;10;5.2;12.5;11.9;12.8
551620170519;5516;20170519;1;10;3.8;0;16.9;5.95
551620170520;5516;20170520;1;10;6.4;0;16.6;10.383
551620170521;5516;20170521;1;10;2.6;0;5.7;14.6
551620170522;5516;20170522;1;10;2.1;0;4.7;14.917
551620170523;5516;20170523;1;10;4.9;3.2;17.7;7.017
551620170524;5516;20170524;1;10;10;0;17.2;7.683
551620170525;5516;20170525;1;10;8.1;0;14.1;11.733
551620170526;5516;20170526;1;10;5.3;0;11.2;14.017
551620170527;5516;20170527;1;10;3.3;0;7.7;15.533
551620170528;5516;20170528;1;10;5.8;0;10.8;12.717
551620170529;5516;20170529;1;10;4.7;2.3;11.5;3.667
551620170530;5516;20170530;1;10;6.1;2.5;15;6.067
551620170531;5516;20170531;1;10;13.2;0;18.5;11.65
551620170601;5516;20170601;1;3;9.3;0;17.5;15.383
551620170602;5516;20170602;1;3;3.5;0;7.9;15.5
551620170603;5516;20170603;1;3;3.7;2.4;8.4;3.667
551620170604;5516;20170604;1;3;6.9;1;14.6;6.133
551620170605;5516;20170605;1;3;5.6;0;12;14.867
551620170606;5516;20170606;1;3;4.8;0.4;13.5;10.383
551620170607;5516;20170607;1;3;8.5;5.2;17.1;1.983
551620170608;5516;20170608;1;3;6.2;3;16.6;3.85
551620170609;5516;20170609;1;3;5.8;6.9;21.2;6.267
551620170610;5516;20170610;1;3;4.5;0;13.4;8.8
551620170611;5516;20170611;1;3;4.2;1.4;15.3;9.55
551620170612;5516;20170612;1;3;11.5;0;19.5;4.833
551620170613;5516;20170613;1;3;11.5;0;18.5;5.683
551620170614;5516;20170614;1;3;6.4;0;12.7;11.85
551620170615;5516;20170615;1;3;3.3;0.1;10.9;10.217
551620170616;5516;20170616;1;3;11.9;0;19.4;10.483
551620170617;5516;20170617;1;3;9.5;0;18.7;13.883
551620170618;5516;20170618;1;3;5.3;0;9.6;10.15
551620170619;5516;20170619;1;3;2.7;0;5.8;15.417
551620170620;5516;20170620;1;3;7.5;0;12.4;12.983
551620170621;5516;20170621;1;3;6.4;0;11.6;9.25
551620170622;5516;20170622;1;3;3.3;9.6;13.7;5.633
551620170623;5516;20170623;1;3;11;1.7;18.1;0.417
551620170624;5516;20170624;1;3;9.2;2.1;18;4.233
551620170625;5516;20170625;1;3;9.2;0.6;18.2;2.517
551620170626;5516;20170626;1;3;10.3;0;15;11.45
551620170627;5516;20170627;1;3;4.7;0;11;13.033
551620170628;5516;20170628;1;3;8.6;0;17.7;5.15
551620170629;5516;20170629;1;3;5.4;22.2;11.8;0
551620170630;5516;20170630;1;3;6.7;33.6;14.1;0
551620170701;5516;20170701;1;3;5.2;0.2;14.5;1.717
551620170702;5516;20170702;1;3;11;0.4;17.7;3.367
551620170703;5516;20170703;1;3;9.8;3.7;16.3;5.283
551620170704;5516;20170704;1;3;10.2;0;15.7;10.967
551620170705;5516;20170705;1;3;5.5;0;9.8;12.167
551620170706;5516;20170706;1;3;3.1;0.3;6;15.067
551620170707;5516;20170707;1;3;2.7;0;6.4;4.333
551620170708;5516;20170708;1;3;7.1;0;13.3;9.133
551620170709;5516;20170709;1;3;4.2;0;11.5;14.967
551620170710;5516;20170710;1;3;3.3;5.8;7.2;1.833
551620170711;5516;20170711;1;3;4.4;2.7;12;4.467
551620170712;5516;20170712;1;3;6.8;8.6;17.2;1.45
551620170713;5516;20170713;1;3;10.9;0;17.5;11.333
551620170714;5516;20170714;1;3;3.7;0;8.9;13.117
551620170715;5516;20170715;1;3;2.6;0;8.7;13.817
551620170716;5516;20170716;1;3;5.8;0.7;13;1.517
551620170717;5516;20170717;1;3;7.8;0;12.3;7.133
551620170718;5516;20170718;1;3;4.4;0;10;6.85
551620170719;5516;20170719;1;3;5.8;2.2;12.9;14.383
551620170720;5516;20170720;1;3;4.2;8.6;9;1.467
551620170721;5516;20170721;1;3;4.8;0;12.9;12.783
551620170722;5516;20170722;1;3;5.8;5;12.4;0.05
551620170723;5516;20170723;1;3;4.3;1;10.8;4.1
551620170724;5516;20170724;1;3;3.6;0.1;7.7;8.033
551620170725;5516;20170725;1;3;7.6;13.7;13.5;0
551620170726;5516;20170726;1;3;4.5;0;8.9;5.633
551620170727;5516;20170727;1;3;4.8;0.1;10.2;1.717
551620170728;5516;20170728;1;3;4.9;7;16.3;9.1
551620170729;5516;20170729;1;3;5;23.5;12.6;5.35
551620170730;5516;20170730;1;3;5.5;7.1;21;5.2
551620170731;5516;20170731;1;3;3.2;0;10.1;10.033
551620170801;5516;20170801;1;3;2.7;2;8.3;0.983
551620170802;5516;20170802;1;3;4.1;0.9;10.6;6.1
551620170803;5516;20170803;1;3;5.8;14.3;23.4;2.6
551620170804;5516;20170804;1;3;9.3;1.3;19.3;4.7
551620170805;5516;20170805;1;3;8.7;3;15.1;9.683
551620170806;5516;20170806;1;3;9.7;0;17.4;12.9
551620170807;5516;20170807;1;3;3.6;0;10;12.85
551620170808;5516;20170808;1;3;4.6;0.1;12.5;3.717
551620170809;5516;20170809;1;3;5.3;0;12.3;11.383
551620170810;5516;20170810;1;3;4.5;0;8.7;10.617
551620170811;5516;20170811;1;3;6.2;1.2;11.2;0
551620170812;5516;20170812;1;3;7.3;8.8;13.6;0
551620170813;5516;20170813;1;3;7.7;0;13.8;8.183
551620170814;5516;20170814;1;3;4.8;0;9.8;12.933
551620170815;5516;20170815;1;3;5.1;5.9;13.6;5.85
551620170816;5516;20170816;1;3;4.2;0;10.2;10
551620170817;5516;20170817;1;3;-999;10.4;11.3;5
551620170818;5516;20170818;1;3;3.3;2.6;10.8;0.183
551620170819;5516;20170819;1;3;7.8;0.4;16.4;6.967
551620170820;5516;20170820;1;3;9.3;0.5;15.4;6.883
551620170821;5516;20170821;1;3;11.8;0.2;16.8;3.35
551620170822;5516;20170822;1;3;8.2;0;14.4;8.45
551620170823;5516;20170823;1;3;2.4;0;5.7;12.2
551620170824;5516;20170824;1;3;6.1;1.6;13.8;6.617
551620170825;5516;20170825;1;3;6.9;0;11.2;11.75
551620170826;5516;20170826;1;3;2.9;6.6;7.4;5.433
551620170827;5516;20170827;1;3;6.5;0;12.2;7.983
551620170828;5516;20170828;1;3;3.5;0;7.6;12
551620170829;5516;20170829;1;3;3.7;0;8.3;12.5
551620170830;5516;20170830;1;3;3.6;4.5;8.4;2.717
551620170831;5516;20170831;1;3;6.3;0;12.5;1.55
551620170901;5516;20170901;1;3;3.9;0;9.7;10.45
551620170902;5516;20170902;1;3;3.7;0.2;6.6;11.017
551620170903;5516;20170903;1;3;2.6;0;6;7.017
551620170904;5516;20170904;1;3;6.3;0;10.3;12.417
551620170905;5516;20170905;1;3;2.6;0.2;7.2;9.017
551620170906;5516;20170906;1;3;5.7;29.9;19.5;0.15
551620170907;5516;20170907;1;3;10.9;0.6;17;1.483
551620170908;5516;20170908;1;3;5.7;3.4;14.8;0.033
551620170909;5516;20170909;1;3;4.6;8.7;12;0.667
551620170910;5516;20170910;1;3;4.9;0;10.2;10.817
551620170911;5516;20170911;1;3;6.3;0;13.8;4.767
551620170912;5516;20170912;1;3;7.3;0.2;15;5.233
551620170913;5516;20170913;1;3;10.7;5.8;27.1;1.5
551620170914;5516;20170914;1;3;11.9;11.4;20.1;1.867
551620170915;5516;20170915;1;3;8.3;0.1;15.3;7.667
551620170916;5516;20170916;1;1;3.5;0;10.4;2.6
551620170917;5516;20170917;1;1;2.1;0;8.2;2.733
551620170918;5516;20170918;1;1;2.5;1.5;5.8;9.317
551620170919;5516;20170919;1;1;6.6;1.5;12.5;6.067
551620170920;5516;20170920;1;1;8.5;0.1;13.2;2.617
551620170921;5516;20170921;1;1;2.9;0;7.6;3.533
551620170922;5516;20170922;1;1;2.1;0;5.2;7.75
551620170923;5516;20170923;1;1;2.8;1.2;7.1;10.25
551620170924;5516;20170924;1;1;5.7;0;11.6;4.867
551620170925;5516;20170925;1;1;7;0;13.8;5.083
551620170926;5516;20170926;1;1;6.1;0;12.5;0.7
551620170927;5516;20170927;1;1;6.4;0;12.9;2.517
551620170928;5516;20170928;1;1;5.7;0.2;12.3;1.867
551620170929;5516;20170929;1;1;5.1;0;11.2;5.75
551620170930;5516;20170930;1;1;6.2;2;11.3;1.3
551620171001;5516;20171001;1;1;4.8;2.1;11.3;5.983
551620171002;5516;20171002;1;1;7.5;8.2;15.3;1.15
551620171003;5516;20171003;1;1;10.7;0.6;17.6;7.067
551620171004;5516;20171004;1;1;12.1;10.9;20.7;0
551620171005;5516;20171005;1;1;10.7;21.7;20.2;0.733
551620171006;5516;20171006;1;1;10.3;1.1;17.3;7.35
551620171007;5516;20171007;1;1;10.3;5.3;17.7;0
551620171008;5516;20171008;1;1;8.6;0;13.3;8.917
551620171009;5516;20171009;1;1;7.6;0;13.8;9.017
551620171010;5516;20171010;1;1;5.3;3.9;15.9;0.183
551620171011;5516;20171011;1;1;6.8;0.7;14.7;0.5
551620171012;5516;20171012;1;1;12.9;0.3;23;4.267
551620171013;5516;20171013;1;1;6.6;0;13.4;5.617
551620171014;5516;20171014;1;1;6.9;0;12.3;0
551620171015;5516;20171015;1;1;4.6;0;9;5.1
551620171016;5516;20171016;1;1;3.9;0;9.4;1.433
