579220160415;10;13.7;0.2;30.7;0.767
579220160416;10;14.5;0.1;35.9;7.05
579220160417;10;10.7;32.1;40.7;0.017
579220160418;10;3.4;34.6;10.4;3.533
579220160419;10;5.6;0;12.9;13.117
579220160420;10;5.9;0;14.3;13.633
579220160421;10;6.8;0;10.9;12.767
579220160422;10;3.5;0.1;11.5;4.7
579220160423;10;3.3;15.1;12.1;0.317
579220160424;10;5.4;13.9;12.4;0.017
579220160425;10;8.7;6.3;28;2.167
579220160426;10;12.3;7;30;0.05
579220160427;10;8.8;1.5;26.2;3.267
579220160428;10;5.8;0.7;14.5;1.567
579220160429;10;7;0;14.9;12.7
579220160430;10;5;0.2;15.9;9.217
579220160501;10;5.2;58.4;18.3;0
579220160502;10;3.7;9.5;13.3;0
579220160503;10;5.5;36.9;14.2;0.5
579220160504;10;-999;1.3;-999;0.05
579220160505;10;10.2;0;20.4;14.183
579220160506;10;4.9;0;11.4;13.683
579220160507;10;5.4;0;12.2;12.967
579220160508;10;5.4;0;12.5;12.7
579220160509;10;6.3;0;14.4;8.9
579220160510;10;8.3;7.7;22;1.233
579220160511;10;6.8;0.1;15.7;3.317
579220160512;10;4.7;18.6;16.5;1.567
579220160513;10;6.2;25.5;16.2;0
579220160514;10;4;17;10.4;0.717
579220160515;10;6.8;9.9;19.9;0.067
579220160516;10;7.8;19.4;18.1;0.033
579220160517;10;7.3;1.2;18;0.45
579220160518;10;6.6;0.4;17.1;8.217
579220160519;10;6.2;31.5;15.5;0
579220160520;10;4.7;0;13;10.6
579220160521;10;6.7;0;12.5;13.633
579220160522;10;9.4;0;21.9;11.117
579220160523;10;-999;38.5;18.6;0.433
579220160524;10;8.4;5;18.6;0.1
579220160525;10;5.4;0;12.3;11.617
579220160526;10;5.8;0;17.6;7.15
579220160527;10;7.3;3.2;19.5;8.85
579220160528;10;6.2;0.2;17.8;7.05
579220160529;10;9.2;2.2;21.5;2.367
579220160530;10;7.4;18.7;19;0.217
579220160531;10;3.8;19;9.5;2.017
579220160601;10;3.8;6.6;10.2;0.383
579220160602;10;3.4;3.7;10.3;0.233
579220160603;10;4;8.9;9.5;1.733
579220160604;10;3.1;6.3;7.5;2.65
579220160605;10;1.8;9;9.1;0.483
579220160606;10;4.8;4.6;11.9;4.367
579220160607;10;2;0;6.2;7.967
579220160608;10;3.8;14;11.2;0.05
579220160609;10;4.1;15.3;10.2;0
579220160610;10;5;0.4;16.9;11.2
579220160611;10;6.1;9.6;16.2;0.083
579220160612;10;7;5.1;16.7;0.417
579220160613;10;7.1;5.6;18.2;0
579220160614;10;6.5;12.9;18.3;1.983
579220160615;10;7.1;6.6;15.4;5.1
579220160616;10;10.9;11;25;5.333
579220160617;10;8.2;5.9;23.7;1.717
579220160618;10;3.8;11.2;11.2;3
579220160619;10;3.4;21.7;8.5;0
579220160620;10;5.8;0.9;19;3.367
579220160621;10;9.6;0.2;20.7;0.483
579220160622;10;4.7;0;13.5;11.517
579220160623;10;2.7;0;8;15.95
579220160624;10;4.7;14.2;26.7;12.267
579220160625;10;8;3;34.6;6.3
579220160626;10;4.3;19.5;10.2;0.733
579220160627;10;4.6;0.8;11.6;0.667
579220160628;10;4.4;0;12.3;10.633
579220160629;10;6.4;0.9;16.7;13.017
579220160630;10;5.9;9.3;18.5;1.65
579220160701;10;5.7;1.6;14.5;7.817
579220160702;10;5.4;12.6;15.5;2.383
579220160703;10;6.8;0.2;16.8;4.217
579220160704;10;8.5;0;19.9;8.333
579220160705;10;7.4;2.4;21;6.15
579220160706;10;6.8;0;18.5;0.533
579220160707;10;6.8;0;15.1;11.567
579220160708;10;7.7;0.7;18.8;8.383
579220160709;10;7.1;0.1;16.7;0.2
579220160710;10;4.1;2.5;20.2;10.05
579220160711;10;6.5;14.5;22.4;7.4
579220160712;10;6.4;26.5;17.4;0.617
579220160713;10;4.2;26.3;16;0.083
579220160714;10;6.2;14.2;16.3;0.15
579220160715;10;3.9;8.3;10.1;0.033
579220160716;10;5.2;0;14.8;2.7
579220160717;10;6;0;16.9;0.483
579220160718;10;5.6;0;12;2.417
579220160719;10;4.2;0;12.2;8.883
579220160720;10;4.6;0;11.5;14.05
579220160721;10;6.6;2.5;21.9;3.5
579220160722;10;5.8;3.4;21.4;7.467
579220160723;10;5.8;0.7;15;5.9
579220160724;10;3.5;27.3;9.1;8.833
579220160725;10;2.1;1.7;7.1;1.35
579220160726;10;2.1;8.4;11.6;1.5
579220160727;10;2.8;4.3;11.3;3.033
579220160728;10;2.9;7.2;15.7;2.783
579220160729;10;6.9;0;16.5;4.433
579220160730;10;6.8;3.2;22.4;7.45
579220160731;10;7.1;14.6;20.9;1.083
579220160801;10;4.1;2.1;14.2;0.967
579220160802;10;7.7;2.3;19.8;0.6
579220160803;10;6.9;0;17.4;7.633
579220160804;10;7.1;31.2;15.1;9.167
579220160805;10;6.4;31.7;14.6;0
579220160806;10;3.8;0;9;0.983
579220160807;10;4;0;10.1;14.517
579220160808;10;3.7;0.1;12.5;9.9
579220160809;10;4.9;25.9;15.6;0
579220160810;10;3.8;10.6;12;0
579220160811;10;4.5;2.8;15.2;1.683
579220160812;10;7.2;2.1;19.3;0
579220160813;10;4.8;0;11.2;13.3
579220160814;10;6;0;13.5;10.183
579220160815;10;4.5;2;13.8;5.067
579220160816;10;4.4;0.6;15.9;3.733
579220160817;10;7.2;2.1;17.9;0.367
579220160818;10;7;6.9;20.4;2.817
579220160819;10;7;0;17.5;4.217
579220160820;10;6.7;20.1;18.7;4.267
579220160821;10;6.6;5.1;16.3;0.15
579220160822;10;4.8;0;12.5;8.967
579220160823;10;4;0;10.9;13.95
579220160824;10;4.3;0;12.4;13.917
579220160825;10;4.6;0;10.2;13.8
579220160826;10;3;0;7.8;10.733
579220160827;10;3.8;0;10.6;7.667
579220160828;10;3.3;1.6;8.9;5.783
579220160829;10;4.4;11.9;13.4;0.483
579220160830;10;4.4;0;13;5.8
579220160831;10;3.2;4.7;9.9;6.167
579220160901;10;3.9;4;10.3;0.383
579220160902;10;5.4;0;15.2;5.5
579220160903;10;6.8;0;14.6;8.7
579220160904;10;9.1;12.2;25.4;5.567
579220160905;10;7.6;6.2;20.9;0.433
579220160906;10;5.7;1.7;19;0.083
579220160907;10;7.4;0;25.3;13.05
579220160908;10;3.9;0.7;10.1;8.083
579220160909;10;3.3;0;10.8;2.017
579220160910;10;3.6;0;10.5;6.1
579220160911;10;4.9;8.7;17.4;2.25
579220160912;10;6;0;15.2;10.567
579220160913;10;5.8;0;13.7;9.067
579220160914;10;5;0;16.6;9.633
579220160915;10;9.6;0;21.2;6.867
579220160916;10;4.9;15.9;12.7;3.483
579220160917;10;6.7;12.7;12.6;0
579220160918;10;4.6;21;10.3;0
579220160919;10;6.9;5.1;14;0
579220160920;10;3.5;0;8.6;8
579220160921;10;3;0;9.1;12.167
579220160922;10;5;0;12.3;11.867
579220160923;10;5.6;0;13;2.15
579220160924;10;4.1;0;10.9;11.883
579220160925;10;3.8;0;9.9;9.317
579220160926;10;4.2;0;11.9;4.9
579220160927;10;3.3;0;9.2;2.3
579220160928;10;6.7;0;15.5;10.817
579220160929;10;6.3;0;15.3;11.383
579220160930;10;5.9;0;15.1;9.1
579220161001;10;8.4;1.1;24;6.917
579220161002;10;4.9;12.4;23.9;0.017
579220161003;10;6.2;13.1;16.8;1.6
579220161004;10;4.5;0.3;13.1;2.283
579220161005;10;4;1.7;10.3;9.283
579220161006;10;4.1;0;11.7;9.267
579220161007;10;4.3;0;15.8;3.55
579220161008;10;5;4.9;17.5;0
579220161009;10;3;3.3;9.4;2.767
579220161010;10;2.5;0.6;7;0.317
579220161011;10;2.6;9.4;7.5;1.183
579220161012;10;5.6;0;14.4;7.183
579220161013;10;10.2;0;37.2;5.517
579220161014;10;16.7;0;36.1;0.5
579220161015;10;6.4;0;15.6;6.7
579220161016;10;5;0;9.6;10.5
579220161017;10;3.4;2.6;8;3.167
579220161018;10;5.3;7.6;16.8;0.15
579220161019;10;6.4;2.8;19.7;0.283
579220161020;10;6.2;0.1;16.9;2.5
579220161021;10;8.1;3.4;18.5;0.017
579220161022;10;10.7;0;20.5;9.167
579220161023;10;14.4;0.7;30.7;4.567
579220161024;10;16.6;0;35.2;7.133
579220161025;10;8.7;18.6;33.1;0.133
579220161026;10;3.3;3.8;10.8;0.767
579220161027;10;6.3;0;13.3;10.25
579220161028;10;7;0;16;9.983
579220161029;10;7;0.1;13.1;1.95
579220161030;10;4.8;0;11.2;3.55
579220161031;10;3.4;0;9.2;10.033
579220161101;10;8.2;0;21.3;9.917
579220161102;10;9.7;4;23.3;0
579220161103;10;7.1;0;18.3;6.8
579220161104;10;12.1;0;24.2;5.717
579220161105;10;13.4;5.1;37.1;0.95
579220161106;10;4.9;18.7;13.2;0
579220161107;10;4.4;2.5;13.5;2.2
579220161108;10;6.7;1.6;16.3;5.85
579220161109;10;11.3;9.4;31;5.8
579220161110;10;11.9;16.6;30.1;0.317
579220161111;10;9.4;16.9;30.6;0
579220161112;10;4.9;1.2;13.3;5.55
579220161113;10;6.5;0.1;14.8;0.333
579220161114;10;4.1;0;11.2;9.35
579220161115;10;7.4;5.5;14.2;3.633
579220161116;10;8.1;9.1;21;0
579220161117;10;13.5;0;25;3.583
579220161118;10;14.1;0.1;33.6;3.55
579220161119;10;11.8;3.8;26.4;0
579220161120;10;18.8;0;35;6.8
579220161121;10;19.6;0;44.6;2.817
579220161122;10;14.5;0;34.4;0
579220161123;10;6.3;0;22.1;0.383
579220161124;10;8.2;0;23.5;0.25
579220161125;10;4.7;0.2;13;2.5
579220161126;10;6.9;3.8;13.1;5.133
579220161127;10;6.9;1.9;14;6.767
579220161128;10;5.9;0;16.1;8.833
579220161129;10;5.1;0;16.5;8.783
579220161130;10;8.1;0;19.8;8.567
579220161201;10;10.6;0.4;19.6;0.517
579220161202;10;9.4;0;21.8;8.233
579220161203;10;3.1;0;9.5;8.467
579220161204;10;4.3;0;10.7;8.65
579220161205;10;4.5;0;9.4;8.633
579220161206;10;4.8;0;10;8.55
579220161207;10;3.4;0;7.8;8.55
579220161208;10;5.5;0;14.8;8.5
579220161209;10;8.3;0;18.9;6.567
579220161210;10;8.3;0;15.4;8.25
579220161211;10;10.5;3.6;26;2.55
579220161212;10;7.3;1.3;19.5;2.75
579220161213;10;7.2;0;15.5;8.183
579220161214;10;5;0;12.2;3.95
579220161215;10;3.3;0;8.2;8.45
579220161216;10;6.3;0;13.8;8.45
579220161217;10;2;0;5;7.933
579220161218;10;4.2;3.8;10.5;3.45
579220161219;10;14.4;0;30.8;6.867
579220161220;10;8.1;0;19.7;7.283
579220161221;10;4.5;0;9.7;8.417
579220161222;10;6.8;0;11.5;8.35
579220161223;10;7.8;0;19;6.683
579220161224;10;11.4;5.1;28.4;1.017
579220161225;10;10.4;0.9;25.9;0
579220161226;10;8.3;7.2;23.7;0.583
579220161227;10;9.2;1.3;18.5;6.333
579220161228;10;7.3;0;22.4;6.95
579220161229;10;5.8;0;23.9;8.483
579220161230;10;4.8;0;11.2;8.467
579220161231;10;2.9;0;9.1;8.483
579220170101;10;8.8;0;16.2;8.517
579220170102;10;8.4;3.3;23.3;6.4
579220170103;10;5.8;0.7;18.2;8.567
579220170104;10;-999;48.3;-999;0
579220170105;10;-999;16.9;-999;0.033
579220170106;10;6.1;0;15.3;8.6
579220170107;10;10;19.1;20.2;0.217
579220170108;10;7.8;10.3;18.1;0
579220170109;10;6.9;0;17.1;8.317
579220170110;10;5.4;3.6;13.6;8.167
579220170111;10;10.7;8.1;30.6;3.45
579220170112;10;15.6;4.9;39.8;0
579220170113;10;-999;17.5;36.2;0
579220170114;10;6.7;32.5;19;0
579220170115;10;5.9;4.8;15.8;0.117
579220170116;10;2.6;12;16.9;1.5
579220170117;10;10.3;0.1;28;6.8
579220170118;10;12.1;0;31.1;8.967
579220170119;10;8.6;0;15.5;9.05
579220170120;10;9.4;0;19;9.083
579220170121;10;6.6;0;13;9.15
579220170122;10;7.1;0;14.6;9.067
579220170123;10;3.5;0;7.6;9.167
579220170124;10;5.5;0;21.4;9.1
579220170125;10;10;0;20.8;9.25
579220170126;10;5.3;0;13.4;9.333
579220170127;10;6.8;0;17.1;9.133
579220170128;10;6.4;0;13.9;9.117
579220170129;10;5.9;0;14.4;9.433
579220170130;10;11.3;10.4;29.2;1.2
579220170131;10;10.9;29.8;28.9;0
579220170201;10;9.7;2.6;22;0.2
579220170202;10;12.8;0;34.1;5.767
579220170203;10;11.3;0.8;34.7;2.383
579220170204;10;10.2;4.3;28.2;3.933
579220170205;10;9.7;5.3;25.2;2.067
579220170206;10;5.6;4;15.8;0.05
579220170207;10;5.3;1.7;14.3;8.4
579220170208;10;3.6;0;12.5;0.45
579220170209;10;6.2;0;13.3;9.55
579220170210;10;8;0;18;9.283
579220170211;10;8.8;0;15.9;9.417
579220170212;10;7.9;0;18;8.433
579220170213;10;6.6;0;14.4;9.817
579220170214;10;4.4;0;13;10.25
579220170215;10;4.2;0;11.8;10.3
579220170216;10;3.8;0.8;9.8;10.1
579220170217;10;7.3;25.9;20.6;0
579220170218;10;4.2;0.3;10.3;8.733
579220170219;10;7.3;4.1;16.9;8.867
579220170220;10;7.8;6.6;17;2.617
579220170221;10;-999;13.2;-999;0
579220170222;10;-999;0;-999;5.3
579220170223;10;16.2;2.9;34.8;8.733
579220170224;10;8.3;11.1;33;0.5
579220170225;10;4.1;0;11;10.5
579220170226;10;8.6;0;16.8;2
579220170227;10;10.5;0;27.2;7.133
579220170228;10;10.3;11.8;37.6;0
579220170301;10;15.2;5.8;34.7;1.967
579220170302;10;14.3;3.9;33.1;2
579220170303;10;11.6;0;33.7;8.383
579220170304;10;17.9;3.7;48.4;9.133
579220170305;10;10.2;8.6;30.1;4.483
579220170306;10;12;28;28;3.717
579220170307;10;7.1;20;18.7;0
579220170308;10;9.1;33.5;26.3;6.05
579220170309;10;11.9;67.7;24.9;0
579220170310;10;9;1.6;24.1;0.933
579220170311;10;5.3;0;13;9.217
579220170312;10;7.2;0;13.2;11.45
579220170313;10;6.7;0;13.9;10.583
579220170314;10;7.8;0;16.5;8.067
579220170315;10;5.8;0;14.3;8.583
579220170316;10;5.5;0;12.4;10.383
579220170317;10;10.6;0.7;25.9;5.183
579220170318;10;16.3;38.5;35.1;0
579220170319;10;10.8;1.3;29.3;1.583
579220170320;10;12.4;0;21.7;11.35
579220170321;10;7.4;4.6;17.7;6.983
579220170322;10;6.3;2;16.6;1.033
579220170323;10;8.4;0;22.4;8.033
579220170324;10;7.4;0;19.7;2.467
579220170325;10;6.4;0;15.7;12.167
579220170326;10;5.6;0;17;9.617
579220170327;10;5.4;0;16;12.65
579220170328;10;3.1;0;8.9;12.283
579220170329;10;3.7;0;9.4;4.383
579220170330;10;5.6;0;12.7;12.183
579220170331;10;5.2;0;14.1;11.583
579220170401;10;6.5;0;14;7.05
579220170402;10;5.4;0.2;10.5;7.417
579220170403;10;2.5;11.3;8.3;0.617
579220170404;10;4.1;5.3;13.3;0.4
579220170405;10;4.9;7.5;13.8;6.95
579220170406;10;6.3;0.1;15;6.217
579220170407;10;6.4;0.6;14.5;0.117
579220170408;10;5;0;10.8;13.183
579220170409;10;5;0;13.2;11.483
579220170410;10;6.3;3.3;15.2;6.133
579220170411;10;7;0.8;17.5;2.683
579220170412;10;7.8;0;21.5;11.483
579220170413;10;10.2;1;25.1;0.467
579220170414;10;9.2;0;20.7;7.233
579220170415;10;8.2;24.2;18.6;0.05
579220170416;10;8.2;37.8;21.4;0
579220170417;10;9.2;28;25.6;0.017
579220170418;10;6;37.1;18.5;0
579220170419;10;3.4;30.6;12.3;0.083
579220170420;10;5.5;0.2;15.7;7.883
579220170421;10;6.2;0;14.9;8.183
579220170422;10;9;12.3;18.9;7.333
579220170423;10;9;1.6;19.8;7.283
579220170424;10;11.5;0;25.1;13.2
579220170425;10;11.6;0.6;28.5;2.967
579220170426;10;8.6;10.7;24.4;0
579220170427;10;5.4;7.2;11.9;1.9
579220170428;10;5.5;17;11.9;0
579220170429;10;4.6;0;10.6;14.35
579220170430;10;7.1;0;23.9;14.2
579220170501;10;7.3;26.8;21.9;4.383
579220170502;10;9;0.8;20.5;7.35
579220170503;10;5.2;4.1;11.4;1.917
579220170504;10;4.2;13.9;13.4;4.017
579220170505;10;5.9;0;16.5;4.05
579220170506;10;8;10;17.3;5.933
579220170507;10;8.1;12.9;17.1;0
579220170508;10;6.7;20.8;16.6;0
579220170509;10;4.9;0.6;12.7;1.233
579220170510;10;8.7;0;22.2;14.633
579220170511;10;11;1.3;36.7;8.967
579220170512;10;6.2;9.3;26.9;3.1
579220170513;10;3.6;7.2;10.7;4.8
579220170514;10;4.5;8.9;11.2;3.133
579220170515;10;4.1;3.5;11.5;1.233
579220170516;10;4.1;0;7.7;14.833
579220170517;10;3.1;0;8.6;14.483
579220170518;10;6.3;0;17.6;6.383
579220170519;10;9.4;2;18.2;1.517
579220170520;10;2.9;8.7;10.6;0.167
579220170521;10;6.7;0;15.5;9.733
579220170522;10;5.7;0;18.5;9.75
579220170523;10;7;2.2;17.2;2
579220170524;10;7.7;9.2;18.3;0.033
579220170525;10;5.2;0;14.3;1.567
579220170526;10;3.5;0;11.7;15.583
579220170527;10;4.1;0;11.3;15.533
579220170528;10;4.4;0;11.2;15.017
579220170529;10;3.2;0;7;12.417
579220170530;10;3.6;14.1;9.5;8.817
579220170531;10;3;0;8.7;5.383
579220170601;3;3;16.3;8.8;1.15
579220170602;3;2.6;0.8;7.1;2.85
579220170603;3;4.4;2.1;22;9.233
579220170604;3;6.1;11.3;19.4;1.733
579220170605;3;7.6;6.2;17.6;2.05
579220170606;3;10.4;10;27.1;0.483
579220170607;3;7;0;20;5.583
579220170608;3;7.9;0;15.2;15.6
579220170609;3;6;0.9;15.4;7.933
579220170610;3;6.4;0;16.2;2.683
579220170611;3;5.2;0;16.7;15.333
579220170612;3;8.6;0;20.5;1.117
579220170613;3;9.1;0;21.6;7.867
579220170614;3;7;0;16.3;4.667
579220170615;3;4.5;8.1;17.7;6.267
579220170616;3;9.4;2.4;22.5;0.183
579220170617;3;6.7;0;17.6;3.583
579220170618;3;4;0;10.2;14.867
579220170619;3;5;0;14;9.6
579220170620;3;5.1;3.9;14.4;5.45
579220170621;3;4.1;0.1;16.2;5.7
579220170622;3;5.3;1.4;21.1;7.733
579220170623;3;9.9;2.2;26.8;5.683
579220170624;3;8.4;3.3;20.5;4.05
579220170625;3;7.4;7;21;0.333
579220170626;3;5.7;11.7;21.1;10.633
579220170627;3;9.7;0.6;27.5;4.717
579220170628;3;8;6.7;26.3;2.4
579220170629;3;8.2;16.9;22.7;1.767
579220170630;3;6.5;8.1;20.1;5.933
579220170701;3;5.2;3;16.2;2.85
579220170702;3;5.7;12.4;15.2;0
579220170703;3;5;5.2;16.3;1
579220170704;3;7.3;0;18;11.1
579220170705;3;5.5;0;18.1;13.183
579220170706;3;3.7;0;15.2;11.8
579220170707;3;7.3;9.2;26.3;8.733
579220170708;3;7.9;0.7;24.7;3.483
579220170709;3;8.5;4.5;26;4.767
579220170710;3;7.9;19.2;23.8;1.667
579220170711;3;8.4;9.3;32.1;2.067
579220170712;3;9.1;10.9;24.7;4.9
579220170713;3;5.3;1.3;13;3.417
579220170714;3;7.9;14.5;26.6;0
579220170715;3;6.7;3.5;18.2;0.1
579220170716;3;3.9;0;9.9;7.917
579220170717;3;3.3;0;8;10.7
579220170718;3;5.3;15.3;19.5;7.367
579220170719;3;6.2;1.3;22.3;9.267
579220170720;3;6.1;10.5;18.3;5.8
579220170721;3;6.7;2.5;24.3;7.683
579220170722;3;5.4;7.3;22.9;3.033
579220170723;3;5.7;3.3;24.4;2.85
579220170724;3;7.5;23.8;21.8;0.05
579220170725;3;8.8;26.2;22;0.083
579220170726;3;9.9;31.1;24.5;0
579220170727;3;7.6;7.1;19.3;2.3
579220170728;3;9.6;3.6;24.7;1.667
579220170729;3;8.5;4.6;26.1;8.717
579220170730;3;5.3;3.9;29.3;6.1
579220170731;3;9;0.3;22;8.567
579220170801;3;11.5;0.1;26.1;12.417
579220170802;3;6.8;2.5;21.2;11.617
579220170803;3;7.2;0;20;9.4
579220170804;3;6.6;0.2;18.1;6.333
579220170805;3;6.4;2.1;17.4;2.75
579220170806;3;3.8;11.4;13;0.033
579220170807;3;4.7;0;17.9;14.433
579220170808;3;10.1;19.5;35.3;7.117
579220170809;3;10.1;0.2;32;10.767
579220170810;3;9.3;17.4;21.2;5.917
579220170811;3;4;13.4;12.4;2.383
579220170812;3;6.2;1;13.8;0
579220170813;3;4.1;0;10.4;5.533
579220170814;3;4.2;0;13.6;8.95
579220170815;3;3.8;22.9;18.7;9.75
579220170816;3;5;0;18.4;3.467
579220170817;3;5.5;0;12.9;6.333
579220170818;3;7.5;28.3;24.1;9.083
579220170819;3;5.2;11.6;22.9;0.017
579220170820;3;3.9;0.2;11.9;1.267
579220170821;3;5.3;0;13.1;5.5
579220170822;3;7.3;0;17.6;1
579220170823;3;6.6;0;15.9;8.267
579220170824;3;6.4;14.4;24;6.35
579220170825;3;5.9;0;16.2;12.783
579220170826;3;5.4;0;16;8.15
579220170827;3;6.3;0.3;22.8;7.2
579220170828;3;4.9;0.2;14.1;1.183
579220170829;3;4.8;0;13;13.25
579220170830;3;7.1;0;17.6;12.483
579220170831;3;8;22.9;25.7;1.833
579220170901;3;2.6;43.5;9.9;0.1
579220170902;3;3.9;50.1;11.5;0
579220170903;3;4.2;2.5;11.6;0.867
579220170904;3;6.3;3.1;14.1;5.7
579220170905;3;7.3;0.5;16.2;0.917
579220170906;3;7.3;9.5;20;0.217
579220170907;3;5.7;0;16.1;0.733
579220170908;3;8.4;0;18.1;11.817
579220170909;3;9.3;12.2;24.4;1.1
579220170910;3;5.4;4;17;4.183
579220170911;3;7.3;5.7;16.7;2.95
579220170912;3;8.4;4.2;21.1;0.183
579220170913;3;17.6;0.4;35.4;3.017
579220170914;3;15.3;7.2;40.1;4.1
579220170915;3;7.1;3.5;17.2;8.25
579220170916;1;4.2;12.4;10.4;2.333
579220170917;1;3.6;4.5;8.1;1.717
579220170918;1;5.6;3.3;18.3;3.467
579220170919;1;4.2;26.9;10;0
579220170920;1;4.2;2.9;11;0
579220170921;1;4.3;0;13.6;11.9
579220170922;1;6.4;0;13.4;9.65
579220170923;1;5.3;2.4;13.8;9.417
579220170924;1;3.7;2.7;12.4;1.4
579220170925;1;4.8;2.6;14.9;4.15
579220170926;1;4.5;0.7;10.2;5.617
579220170927;1;4.6;0.1;11.9;3.383
579220170928;1;4;0;9.1;7
579220170929;1;4.6;0.5;10.8;0.7
579220170930;1;4;11.5;9.2;5
579220171001;1;3.2;3.2;10.3;0.667
579220171002;1;8.2;3.4;21.8;5.867
579220171003;1;9.8;14;29.6;0.917
579220171004;1;10.8;0;24.9;6.117
579220171005;1;12.7;19.6;31.5;9.483
579220171006;1;7.2;27.5;18.3;0.233
579220171007;1;8.1;3.1;22.2;8.433
579220171008;1;10.1;10.2;28.3;0
579220171009;1;6.4;5.2;15.4;0.233
579220171010;1;6.8;0.2;15.3;2.133
579220171011;1;12.1;0;23.3;10.517
579220171012;1;11.1;0;24.2;9.35
579220171013;1;8.6;0;20;10.383
579220171014;1;4.3;0;9.8;10.917
579220171015;1;3.5;0;7.9;10.917
579220171016;1;5.7;0;11.4;10.867
