STATIONS_ID;MESS_DATUM;QN_3;  FX;  FM;QN_4; RSK;RSKF; SDK;SHK_TAG;  NM; VPM;  PM; TMK; UPM; TXK; TNK; TGK;eor
       5792;20160415;   10;  30.7;  13.7;    3;   0.2;   7;    0.767; 330;   7.7;   3.7;  702.97;   -4.3;   83.29;   -2.2;   -6.8;-999;eor
       5792;20160416;   10;  35.9;  14.5;    3;   0.1;   7;    7.050; 325;   5.7;   4.1;  702.15;   -2.7;   81.58;   -0.7;   -4.2;-999;eor
       5792;20160417;   10;  40.7;  10.7;    3;  32.1;   7;    0.017; 320;   7.7;   4.2;  702.31;   -3.9;   91.83;   -1.6;   -7.2;-999;eor
       5792;20160418;   10;  10.4;   3.4;    3;  34.6;   7;    3.533; 350;   7.7;   3.4;  705.76;   -6.9;   94.25;   -3.6;   -8.7;-999;eor
       5792;20160419;   10;  12.9;   5.6;    3;   0.0;   0;   13.117; 370;   1.0;   2.4;  710.31;   -7.9;   73.71;   -5.1;  -10.1;-999;eor
       5792;20160420;   10;  14.3;   5.9;    3;   0.0;   0;   13.633; 360;   2.0;   1.2;  714.17;   -3.5;   26.21;    1.3;   -8.1;-999;eor
       5792;20160421;   10;  10.9;   6.8;    3;   0.0;   0;   12.767; 350;   5.0;   2.3;  714.20;    1.4;   34.13;    3.9;   -1.0;-999;eor
       5792;20160422;   10;  11.5;   3.5;    3;   0.1;   7;    4.700; 340;   7.3;   4.4;  708.33;   -2.8;   88.96;    0.6;   -6.3;-999;eor
       5792;20160423;   10;  12.1;   3.3;    3;  15.1;   7;    0.317; 340;   8.0;   3.8;  700.22;   -5.3;   91.50;   -0.4;  -11.6;-999;eor
       5792;20160424;   10;  12.4;   5.4;    3;  13.9;   7;    0.017; 350;   8.0;   2.0;  696.14;  -13.7;   91.96;  -11.2;  -15.7;-999;eor
       5792;20160425;   10;  28.0;   8.7;    3;   6.3;   7;    2.167; 365;   7.7;   1.6;  695.32;  -15.5;   89.79;  -13.9;  -17.5;-999;eor
       5792;20160426;   10;  30.0;  12.3;    3;   7.0;   7;    0.050; 380;   8.0;   2.3;  693.71;  -11.2;   89.13;   -8.8;  -14.0;-999;eor
       5792;20160427;   10;  26.2;   8.8;    3;   1.5;   7;    3.267; 380;   6.0;   1.6;  695.38;  -15.4;   84.67;  -12.9;  -16.6;-999;eor
       5792;20160428;   10;  14.5;   5.8;    3;   0.7;   7;    1.567; 375;   7.3;   1.9;  700.43;  -13.3;   85.00;  -10.7;  -15.9;-999;eor
       5792;20160429;   10;  14.9;   7.0;    3;   0.0;   0;   12.700; 375;   1.0;   2.6;  705.48;   -7.9;   76.92;   -3.2;  -11.4;-999;eor
       5792;20160430;   10;  15.9;   5.0;    3;   0.2;   7;    9.217; 365;   4.0;   2.8;  705.78;   -5.2;   68.29;   -2.6;   -6.8;-999;eor
       5792;20160501;   10;  18.3;   5.2;    3;  58.4;   7;    0.000; 360;   8.0;   3.4;  704.29;   -6.9;   93.04;   -6.0;   -7.9;-999;eor
       5792;20160502;   10;  13.3;   3.7;    3;   9.5;   8;    0.000; 415;   8.0;   3.9;  708.73;   -5.7;   96.50;   -4.6;   -6.7;-999;eor
       5792;20160503;   10;  14.2;   5.5;    3;  36.9;   7;    0.500; 410;   7.7;   3.4;  708.41;   -7.2;   93.83;   -5.5;   -9.9;-999;eor
       5792;20160504;   10;-999;-999;    3;   1.3;   7;    0.050; 425;   8.0;   2.6;  710.28;  -10.2;   91.29;   -8.7;  -11.7;-999;eor
       5792;20160505;   10;  20.4;  10.2;    3;   0.0;   0;   14.183; 420;   2.0;   3.2;  710.58;   -6.4;   81.79;   -2.0;  -12.0;-999;eor
       5792;20160506;   10;  11.4;   4.9;    3;   0.0;   0;   13.683; 410;   1.0;   3.2;  710.00;   -2.0;   60.50;    1.8;   -4.3;-999;eor
       5792;20160507;   10;  12.2;   5.4;    3;   0.0;   0;   12.967; 405;   2.0;   3.6;  707.89;   -1.5;   66.92;    1.8;   -3.8;-999;eor
       5792;20160508;   10;  12.5;   5.4;    3;   0.0;   0;   12.700; 400;   1.7;   3.7;  707.99;   -1.1;   65.96;    2.1;   -3.1;-999;eor
       5792;20160509;   10;  14.4;   6.3;    3;   0.0;   7;    8.900; 395;   5.3;   4.7;  709.44;    0.0;   76.71;    2.7;   -2.3;-999;eor
       5792;20160510;   10;  22.0;   8.3;    3;   7.7;   7;    1.233; 380;   7.3;   5.4;  707.83;    0.5;   86.13;    2.5;   -1.1;-999;eor
       5792;20160511;   10;  15.7;   6.8;    3;   0.1;   7;    3.317; 370;   7.3;   4.8;  703.23;    0.6;   75.29;    3.2;   -0.8;-999;eor
       5792;20160512;   10;  16.5;   4.7;    3;  18.6;   7;    1.567; 365;   7.3;   4.8;  696.35;   -1.7;   89.54;    1.1;   -4.3;-999;eor
       5792;20160513;   10;  16.2;   6.2;    3;  25.5;   7;    0.000; 370;   8.0;   4.7;  696.15;   -3.1;   97.54;   -2.1;   -4.4;-999;eor
       5792;20160514;   10;  10.4;   4.0;    3;  17.0;   7;    0.717; 385;   8.0;   4.2;  701.23;   -4.7;   97.21;   -2.6;   -8.4;-999;eor
       5792;20160515;   10;  19.9;   6.8;    3;   9.9;   7;    0.067; 400;   8.0;   2.7;  704.09;   -9.9;   92.17;   -8.3;  -11.3;-999;eor
       5792;20160516;   10;  18.1;   7.8;    3;  19.4;   7;    0.033; 400;   7.7;   2.7;  705.46;  -10.1;   93.21;   -8.8;  -12.3;-999;eor
       5792;20160517;   10;  18.0;   7.3;    3;   1.2;   7;    0.450; 415;   7.7;   3.1;  706.68;   -8.2;   93.33;   -6.3;  -10.7;-999;eor
       5792;20160518;   10;  17.1;   6.6;    3;   0.4;   7;    8.217; 410;   6.3;   4.1;  706.07;   -4.3;   91.88;   -0.9;   -7.3;-999;eor
       5792;20160519;   10;  15.5;   6.2;    3;  31.5;   7;    0.000; 405;   8.0;   3.9;  704.01;   -5.4;   94.17;   -3.5;   -6.9;-999;eor
       5792;20160520;   10;  13.0;   4.7;    3;   0.0;   0;   10.600; 430;   6.3;   4.4;  711.31;   -3.4;   92.17;   -0.4;   -6.2;-999;eor
       5792;20160521;   10;  12.5;   6.7;    3;   0.0;   0;   13.633; 420;   5.3;   4.1;  713.88;    0.8;   60.92;    5.2;   -4.6;-999;eor
       5792;20160522;   10;  21.9;   9.4;    3;   0.0;   7;   11.117; 400;   4.7;   4.9;  711.69;    4.4;   58.83;    7.3;    0.2;-999;eor
       5792;20160523;   10;  18.6;-999;    3;  38.5;   7;    0.433; 390;   8.0;   4.4;  704.11;   -4.2;   95.38;    0.2;   -7.7;-999;eor
       5792;20160524;   10;  18.6;   8.4;    3;   5.0;   7;    0.100; 420;   8.0;   4.2;  704.83;   -4.6;   96.96;   -2.3;   -6.3;-999;eor
       5792;20160525;   10;  12.3;   5.4;    3;   0.0;   0;   11.617; 415;   3.3;   4.8;  708.83;   -0.9;   83.83;    2.2;   -3.3;-999;eor
       5792;20160526;   10;  17.6;   5.8;    3;   0.0;   7;    7.150; 405;   4.3;   6.0;  712.08;    1.3;   89.29;    4.4;   -1.0;-999;eor
       5792;20160527;   10;  19.5;   7.3;    3;   3.2;   8;    8.850; 395;   7.0;   6.5;  713.47;    4.3;   78.08;    8.7;    1.2;-999;eor
       5792;20160528;   10;  17.8;   6.2;    3;   0.2;   7;    7.050; 385;   5.7;   7.0;  711.58;    3.9;   86.46;    6.3;    0.8;-999;eor
       5792;20160529;   10;  21.5;   9.2;    3;   2.2;   8;    2.367; 380;   7.0;   6.4;  705.79;    2.0;   91.08;    4.2;   -1.4;-999;eor
       5792;20160530;   10;  19.0;   7.4;    3;  18.7;   7;    0.217; 375;   8.0;   5.6;  704.59;   -1.2;   99.42;    0.0;   -2.0;-999;eor
       5792;20160531;   10;   9.5;   3.8;    3;  19.0;   7;    2.017; 390;   7.3;   5.5;  707.05;   -1.0;   97.04;    1.3;   -2.5;-999;eor
       5792;20160601;   10;  10.2;   3.8;    3;   6.6;   7;    0.383; 390;   8.0;   5.4;  708.05;   -1.3;   97.58;    0.0;   -2.5;-999;eor
       5792;20160602;   10;  10.3;   3.4;    3;   3.7;   8;    0.233; 380;   8.0;   5.6;  706.93;   -0.8;   97.88;    0.6;   -2.0;-999;eor
       5792;20160603;   10;   9.5;   4.0;    3;   8.9;   7;    1.733; 375;   7.7;   5.7;  707.11;   -0.3;   95.46;    2.6;   -1.6;-999;eor
       5792;20160604;   10;   7.5;   3.1;    3;   6.3;   8;    2.650; 365;   7.7;   6.0;  708.80;    0.3;   96.79;    2.7;   -1.1;-999;eor
       5792;20160605;   10;   9.1;   1.8;    3;   9.0;   8;    0.483; 360;   8.0;   6.3;  711.50;    0.7;   97.67;    5.0;   -0.5;-999;eor
       5792;20160606;   10;  11.9;   4.8;    3;   4.6;   8;    4.367; 355;   5.3;   6.2;  714.90;    1.7;   90.67;    7.5;   -1.2;-999;eor
       5792;20160607;   10;   6.2;   2.0;    3;   0.0;   8;    7.967; 345;   4.7;   6.2;  717.30;    2.8;   82.79;    6.7;    1.4;-999;eor
       5792;20160608;   10;  11.2;   3.8;    3;  14.0;   8;    0.050; 345;   8.0;   6.5;  713.97;    1.1;   97.67;    2.0;    0.2;-999;eor
       5792;20160609;   10;  10.2;   4.1;    3;  15.3;   7;    0.000; 340;   8.0;   5.6;  710.33;   -1.1;   98.75;    0.5;   -4.4;-999;eor
       5792;20160610;   10;  16.9;   5.0;    3;   0.4;   7;   11.200; 340;   3.7;   4.1;  709.20;   -0.1;   66.17;    3.3;   -4.3;-999;eor
       5792;20160611;   10;  16.2;   6.1;    3;   9.6;   8;    0.083; 335;   8.0;   5.9;  708.08;   -0.4;   99.33;    1.3;   -1.5;-999;eor
       5792;20160612;   10;  16.7;   7.0;    3;   5.1;   7;    0.417; 335;   8.0;   5.7;  706.93;   -1.0;   99.71;    0.9;   -2.1;-999;eor
       5792;20160613;   10;  18.2;   7.1;    3;   5.6;   7;    0.000; 330;   8.0;   5.7;  703.30;   -0.9;   99.96;    0.1;   -2.7;-999;eor
       5792;20160614;   10;  18.3;   6.5;    3;  12.9;   8;    1.983; 330;   8.0;   5.6;  701.09;   -1.2;   99.67;    1.0;   -3.8;-999;eor
       5792;20160615;   10;  15.4;   7.1;    3;   6.6;   7;    5.100; 335;   6.0;   5.2;  701.28;   -1.9;   96.63;    1.0;   -4.4;-999;eor
       5792;20160616;   10;  25.0;  10.9;    3;  11.0;   8;    5.333; 330;   7.3;   6.3;  702.20;    0.8;   96.71;    4.1;   -1.1;-999;eor
       5792;20160617;   10;  23.7;   8.2;    3;   5.9;   7;    1.717; 325;   6.7;   5.1;  705.75;   -2.4;   98.46;    0.0;   -4.1;-999;eor
       5792;20160618;   10;  11.2;   3.8;    3;  11.2;   7;    3.000; 325;   7.7;   5.3;  711.89;   -1.5;   96.29;   -0.1;   -2.8;-999;eor
       5792;20160619;   10;   8.5;   3.4;    3;  21.7;   7;    0.000; 325;   8.0;   5.0;  713.10;   -2.4;   98.00;   -2.0;   -2.9;-999;eor
       5792;20160620;   10;  19.0;   5.8;    3;   0.9;   8;    3.367; 330;   7.3;   5.4;  714.75;   -0.6;   92.33;    2.1;   -3.3;-999;eor
       5792;20160621;   10;  20.7;   9.6;    3;   0.2;   6;    0.483; 330;   8.0;   7.5;  717.87;    2.8;   99.79;    4.9;   -0.1;-999;eor
       5792;20160622;   10;  13.5;   4.7;    3;   0.0;   0;   11.517; 325;   4.0;   7.5;  722.29;    6.7;   77.54;   10.4;    4.2;-999;eor
       5792;20160623;   10;   8.0;   2.7;    3;   0.0;   0;   15.950; 320;   1.0;   4.3;  723.08;   11.9;   29.79;   16.8;    8.0;-999;eor
       5792;20160624;   10;  26.7;   4.7;    3;  14.2;   8;   12.267; 310;   2.3;   8.8;  720.24;    9.5;   74.25;   12.6;    4.7;-999;eor
       5792;20160625;   10;  34.6;   8.0;    3;   3.0;   8;    6.300; 300;   6.3;   7.6;  714.79;    5.8;   83.17;   10.1;    2.0;-999;eor
       5792;20160626;   10;  10.2;   4.3;    3;  19.5;   8;    0.733; 290;   7.7;   7.2;  713.66;    2.3;   99.29;    5.0;   -1.6;-999;eor
       5792;20160627;   10;  11.6;   4.6;    3;   0.8;   7;    0.667; 290;   8.0;   5.5;  714.37;   -1.3;   98.63;    0.0;   -3.3;-999;eor
       5792;20160628;   10;  12.3;   4.4;    3;   0.0;   0;   10.633; 285;   2.3;   6.1;  715.03;    1.8;   87.50;    5.6;   -2.1;-999;eor
       5792;20160629;   10;  16.7;   6.4;    3;   0.9;   8;   13.017; 275;   4.0;   7.9;  714.84;    5.6;   86.83;    9.2;    2.9;-999;eor
       5792;20160630;   10;  18.5;   5.9;    3;   9.3;   8;    1.650; 265;   8.0;   7.9;  715.01;    3.9;   97.25;    6.5;    1.5;-999;eor
       5792;20160701;   10;  14.5;   5.7;    3;   1.6;   8;    7.817; 260;   3.7;   8.1;  716.63;    5.1;   91.42;    8.2;    1.8;-999;eor
       5792;20160702;   10;  15.5;   5.4;    3;  12.6;   6;    2.383; 250;   6.7;   8.0;  715.11;    4.3;   95.67;    7.1;    0.4;-999;eor
       5792;20160703;   10;  16.8;   6.8;    3;   0.2;   6;    4.217; 240;   6.7;   6.3;  714.97;    0.4;   99.33;    2.1;   -1.5;-999;eor
       5792;20160704;   10;  19.9;   8.5;    3;   0.0;   0;    8.333; 235;   5.7;   7.2;  716.84;    3.2;   92.88;    5.9;    0.8;-999;eor
       5792;20160705;   10;  21.0;   7.4;    3;   2.4;   8;    6.150; 230;   6.3;   7.5;  715.84;    4.0;   91.75;    5.7;    1.5;-999;eor
       5792;20160706;   10;  18.5;   6.8;    3;   0.0;   0;    0.533; 220;   8.0;   6.8;  715.35;    1.5;  100.00;    3.3;    0.2;-999;eor
       5792;20160707;   10;  15.1;   6.8;    3;   0.0;   0;   11.567; 215;   3.7;   6.1;  717.23;    3.3;   78.96;    6.4;   -0.7;-999;eor
       5792;20160708;   10;  18.8;   7.7;    3;   0.7;   6;    8.383; 205;   6.0;   7.8;  717.95;    5.2;   88.25;    8.0;    2.9;-999;eor
       5792;20160709;   10;  16.7;   7.1;    3;   0.1;   6;    0.200; 200;   8.0;   8.2;  718.66;    4.2;   99.71;    5.4;    3.3;-999;eor
       5792;20160710;   10;  20.2;   4.1;    3;   2.5;   8;   10.050; 195;   2.7;   8.0;  718.34;    9.3;   68.79;   12.8;    4.8;-999;eor
       5792;20160711;   10;  22.4;   6.5;    3;  14.5;   6;    7.400; 190;   7.0;   9.2;  716.99;    8.3;   83.92;   12.4;    4.6;-999;eor
       5792;20160712;   10;  17.4;   6.4;    3;  26.5;   8;    0.617; 180;   8.0;   7.9;  713.22;    4.0;   96.17;    7.3;    0.2;-999;eor
       5792;20160713;   10;  16.0;   4.2;    3;  26.3;   8;    0.083; 170;   8.0;   5.9;  709.38;   -0.6;   99.00;    3.7;   -4.8;-999;eor
       5792;20160714;   10;  16.3;   6.2;    3;  14.2;   7;    0.150; 185;   7.7;   4.4;  709.36;   -4.3;   98.21;   -3.2;   -5.1;-999;eor
       5792;20160715;   10;  10.1;   3.9;    3;   8.3;   7;    0.033; 190;   8.0;   4.4;  714.35;   -4.3;   97.83;   -3.1;   -5.6;-999;eor
       5792;20160716;   10;  14.8;   5.2;    3;   0.0;   0;    2.700; 195;   7.7;   4.3;  716.16;   -4.0;   94.92;   -1.9;   -8.1;-999;eor
       5792;20160717;   10;  16.9;   6.0;    3;   0.0;   0;    0.483; 190;   7.7;   7.1;  718.28;    2.1;   99.38;    4.6;   -2.4;-999;eor
       5792;20160718;   10;  12.0;   5.6;    3;   0.0;   0;    2.417; 185;   8.0;   8.3;  719.93;    4.3;   99.79;    7.0;    2.8;-999;eor
       5792;20160719;   10;  12.2;   4.2;    3;   0.0;   0;    8.883; 180;   6.3;   8.3;  720.43;    6.4;   86.58;   10.3;    3.0;-999;eor
       5792;20160720;   10;  11.5;   4.6;    3;   0.0;   0;   14.050; 175;   1.3;   7.3;  719.18;    7.1;   72.25;   10.6;    4.9;-999;eor
       5792;20160721;   10;  21.9;   6.6;    3;   2.5;   6;    3.500; 160;   6.7;   8.6;  717.52;    6.8;   87.38;    9.3;    4.3;-999;eor
       5792;20160722;   10;  21.4;   5.8;    3;   3.4;   6;    7.467; 155;   7.0;   7.9;  716.16;    6.5;   82.54;   10.2;    4.2;-999;eor
       5792;20160723;   10;  15.0;   5.8;    3;   0.7;   6;    5.900; 145;   7.0;   8.4;  716.73;    5.8;   91.21;    9.1;    3.0;-999;eor
       5792;20160724;   10;   9.1;   3.5;    3;  27.3;   8;    8.833; 133;   5.7;   8.4;  717.85;    5.9;   90.38;   10.1;    3.3;-999;eor
       5792;20160725;   10;   7.1;   2.1;    3;   1.7;   6;    1.350; 125;   7.7;   8.8;  718.03;    5.5;   97.25;    7.3;    4.3;-999;eor
       5792;20160726;   10;  11.6;   2.1;    3;   8.4;   6;    1.500; 115;   8.0;   7.9;  718.16;    5.3;   89.04;    7.6;    3.6;-999;eor
       5792;20160727;   10;  11.3;   2.8;    3;   4.3;   6;    3.033; 105;   7.3;   7.7;  716.64;    5.2;   87.79;    8.8;    1.0;-999;eor
       5792;20160728;   10;  15.7;   2.9;    3;   7.2;   6;    2.783; 100;   7.0;   7.7;  715.69;    3.5;   97.63;    5.5;    1.5;-999;eor
       5792;20160729;   10;  16.5;   6.9;    3;   0.0;   0;    4.433;  95;   7.3;   8.5;  715.60;    4.7;   99.96;    7.1;    2.5;-999;eor
       5792;20160730;   10;  22.4;   6.8;    3;   3.2;   6;    7.450;  90;   4.7;   8.6;  716.51;    6.7;   87.42;   10.3;    4.5;-999;eor
       5792;20160731;   10;  20.9;   7.1;    3;  14.6;   8;    1.083;  80;   7.7;   7.9;  714.20;    4.5;   93.63;    7.1;    1.6;-999;eor
       5792;20160801;   10;  14.2;   4.1;    3;   2.1;   8;    0.967;  75;   8.0;   6.4;  714.72;    0.7;   99.92;    1.9;   -0.8;-999;eor
       5792;20160802;   10;  19.8;   7.7;    3;   2.3;   6;    0.600;  75;   7.3;   6.7;  715.70;    1.7;   96.54;    3.9;   -0.3;-999;eor
       5792;20160803;   10;  17.4;   6.9;    3;   0.0;   0;    7.633;  70;   7.0;   8.3;  716.58;    5.5;   91.96;    9.2;    2.6;-999;eor
       5792;20160804;   10;  15.1;   7.1;    3;  31.2;   8;    9.167;  67;   6.0;   8.2;  714.95;    6.8;   81.96;    9.0;    2.9;-999;eor
       5792;20160805;   10;  14.6;   6.4;    3;  31.7;   8;    0.000;  65;   8.0;   5.7;  712.51;   -0.9;   99.46;    2.7;   -3.2;-999;eor
       5792;20160806;   10;   9.0;   3.8;    3;   0.0;   0;    0.983;  77;   8.0;   5.7;  718.58;   -0.8;   99.71;    0.1;   -2.2;-999;eor
       5792;20160807;   10;  10.1;   4.0;    3;   0.0;   0;   14.517;  73;   1.7;   3.9;  721.60;    2.9;   56.33;    6.8;   -1.1;-999;eor
       5792;20160808;   10;  12.5;   3.7;    3;   0.1;   6;    9.900;  65;   3.0;   6.8;  719.91;    5.7;   74.58;    8.4;    3.7;-999;eor
       5792;20160809;   10;  15.6;   4.9;    3;  25.9;   8;    0.000;  60;   8.0;   7.1;  715.03;    2.0;   99.96;    4.2;   -1.7;-999;eor
       5792;20160810;   10;  12.0;   3.8;    3;  10.6;   7;    0.000;  57;   8.0;   4.6;  711.30;   -3.6;   97.79;   -0.7;   -5.8;-999;eor
       5792;20160811;   10;  15.2;   4.5;    3;   2.8;   7;    1.683;  60;   7.7;   4.4;  713.70;   -4.2;   97.33;   -2.2;   -5.8;-999;eor
       5792;20160812;   10;  19.3;   7.2;    3;   2.1;   8;    0.000;  59;   8.0;   6.1;  718.08;   -0.1;   99.38;    2.1;   -4.1;-999;eor
       5792;20160813;   10;  11.2;   4.8;    3;   0.0;   0;   13.300;  57;   2.0;   7.2;  721.41;    5.3;   80.71;    8.4;    1.7;-999;eor
       5792;20160814;   10;  13.5;   6.0;    3;   0.0;   0;   10.183;  50;   5.0;   6.9;  721.13;    6.3;   71.75;   10.0;    4.8;-999;eor
       5792;20160815;   10;  13.8;   4.5;    3;   2.0;   6;    5.067;  45;   5.7;   8.1;  719.15;    5.2;   91.29;    7.9;    2.5;-999;eor
       5792;20160816;   10;  15.9;   4.4;    3;   0.6;   8;    3.733;  42;   6.0;   8.2;  715.73;    4.5;   97.13;    6.5;    2.0;-999;eor
       5792;20160817;   10;  17.9;   7.2;    3;   2.1;   6;    0.367;   0;   8.0;   7.7;  711.70;    3.2;  100.00;    4.8;    1.9;-999;eor
       5792;20160818;   10;  20.4;   7.0;    3;   6.9;   8;    2.817;   0;   6.0;   6.8;  710.48;    1.9;   97.29;    4.1;    0.7;-999;eor
       5792;20160819;   10;  17.5;   7.0;    3;   0.0;   0;    4.217;   0;   7.3;   7.2;  712.15;    3.8;   90.50;    6.7;    1.9;-999;eor
       5792;20160820;   10;  18.7;   6.7;    3;  20.1;   8;    4.267;   0;   7.0;   7.3;  715.22;    5.5;   80.67;    9.4;    3.1;-999;eor
       5792;20160821;   10;  16.3;   6.6;    3;   5.1;   8;    0.150;   0;   7.7;   5.8;  715.05;   -0.7;   99.75;    3.2;   -2.6;-999;eor
       5792;20160822;   10;  12.5;   4.8;    3;   0.0;   0;    8.967;   2;   6.3;   5.5;  719.65;   -1.0;   95.92;    2.4;   -3.7;-999;eor
       5792;20160823;   10;  10.9;   4.0;    3;   0.0;   0;   13.950;   0;   1.0;   6.5;  723.36;    6.2;   69.13;   10.2;    2.0;-999;eor
       5792;20160824;   10;  12.4;   4.3;    3;   0.0;   0;   13.917;   0;   0.0;   5.6;  723.13;   10.6;   43.83;   13.4;    7.9;-999;eor
       5792;20160825;   10;  10.2;   4.6;    3;   0.0;   0;   13.800;   0;   0.0;   4.9;  721.54;   12.2;   34.25;   15.5;    9.6;-999;eor
       5792;20160826;   10;   7.8;   3.0;    3;   0.0;   0;   10.733;   0;   0.7;   6.7;  721.56;   11.2;   49.75;   13.8;    9.4;-999;eor
       5792;20160827;   10;  10.6;   3.8;    3;   0.0;   6;    7.667;   0;   3.0;   9.4;  721.52;   10.6;   72.75;   12.8;    9.1;-999;eor
       5792;20160828;   10;   8.9;   3.3;    3;   1.6;   6;    5.783;   0;   5.0;   8.8;  720.18;    8.1;   81.00;   11.5;    6.0;-999;eor
       5792;20160829;   10;  13.4;   4.4;    3;  11.9;   8;    0.483;   0;   7.3;   7.9;  718.11;    4.3;   95.67;    6.2;    2.6;-999;eor
       5792;20160830;   10;  13.0;   4.4;    3;   0.0;   0;    5.800;   0;   6.3;   8.1;  718.71;    4.7;   95.17;    8.1;    2.2;-999;eor
       5792;20160831;   10;   9.9;   3.2;    3;   4.7;   8;    6.167;   0;   3.7;   7.3;  719.22;    5.8;   78.67;    8.2;    3.2;-999;eor
       5792;20160901;   10;  10.3;   3.9;    3;   4.0;   6;    0.383;   0;   7.7;   8.1;  719.73;    4.0;   99.17;    5.1;    2.1;-999;eor
       5792;20160902;   10;  15.2;   5.4;    3;   0.0;   0;    5.500;   0;   7.3;   7.8;  718.96;    4.1;   94.71;    7.1;    2.6;-999;eor
       5792;20160903;   10;  14.6;   6.8;    3;   0.0;   0;    8.700;   0;   6.0;   6.5;  718.49;    5.0;   75.21;    8.9;    2.5;-999;eor
       5792;20160904;   10;  25.4;   9.1;    3;  12.2;   8;    5.567;   0;   6.0;   6.4;  716.03;    3.8;   80.17;    6.8;    1.5;-999;eor
       5792;20160905;   10;  20.9;   7.6;    3;   6.2;   7;    0.433;   3;   8.0;   5.6;  714.10;   -1.2;   99.42;    1.6;   -2.5;-999;eor
       5792;20160906;   10;  19.0;   5.7;    3;   1.7;   8;    0.083;   4;   8.0;   5.9;  717.55;   -0.5;   99.75;    0.0;   -1.5;-999;eor
       5792;20160907;   10;  25.3;   7.4;    3;   0.0;   0;   13.050;   0;   0.3;   5.8;  717.44;    6.4;   58.75;   11.3;   -1.1;-999;eor
       5792;20160908;   10;  10.1;   3.9;    3;   0.7;   6;    8.083;   0;   4.0;   7.7;  715.88;    5.1;   87.79;    8.7;    3.5;-999;eor
       5792;20160909;   10;  10.8;   3.3;    3;   0.0;   0;    2.017;   0;   6.7;   8.2;  716.71;    4.9;   94.17;    7.2;    2.8;-999;eor
       5792;20160910;   10;  10.5;   3.6;    3;   0.0;   0;    6.100;   0;   4.3;   7.7;  716.87;    6.0;   82.54;    9.4;    4.3;-999;eor
       5792;20160911;   10;  17.4;   4.9;    3;   8.7;   8;    2.250;   0;   5.7;   7.5;  717.75;    4.6;   88.63;    7.2;    3.1;-999;eor
       5792;20160912;   10;  15.2;   6.0;    3;   0.0;   0;   10.567;   0;   1.7;   6.8;  718.80;    6.6;   69.67;    9.8;    4.1;-999;eor
       5792;20160913;   10;  13.7;   5.8;    3;   0.0;   0;    9.067;   0;   0.7;   7.0;  717.10;    6.2;   73.29;    8.7;    4.7;-999;eor
       5792;20160914;   10;  16.6;   5.0;    3;   0.0;   0;    9.633;   0;   1.0;   6.5;  715.05;    6.3;   68.29;    8.5;    4.7;-999;eor
       5792;20160915;   10;  21.2;   9.6;    3;   0.0;   0;    6.867;   0;   5.3;   6.3;  713.11;    4.3;   75.46;    6.5;    2.4;-999;eor
       5792;20160916;   10;  12.7;   4.9;    3;  15.9;   8;    3.483;   0;   7.3;   5.9;  711.46;    2.3;   82.75;    4.0;   -1.1;-999;eor
       5792;20160917;   10;  12.6;   6.7;    3;  12.7;   7;    0.000;   5;   8.0;   5.2;  708.49;   -2.0;   99.04;   -0.8;   -2.7;-999;eor
       5792;20160918;   10;  10.3;   4.6;    3;  21.0;   7;    0.000;  10;   8.0;   5.6;  707.48;   -1.0;   99.25;   -0.2;   -1.9;-999;eor
       5792;20160919;   10;  14.0;   6.9;    3;   5.1;   7;    0.000;  14;   8.0;   5.0;  709.07;   -2.3;   97.29;   -0.6;   -3.5;-999;eor
       5792;20160920;   10;   8.6;   3.5;    3;   0.0;   0;    8.000;  16;   7.0;   5.1;  709.70;   -1.5;   93.50;    2.0;   -3.4;-999;eor
       5792;20160921;   10;   9.1;   3.0;    3;   0.0;   0;   12.167;  12;   1.0;   3.8;  710.40;   -1.7;   70.42;    2.4;   -3.4;-999;eor
       5792;20160922;   10;  12.3;   5.0;    3;   0.0;   0;   11.867;   9;   3.3;   3.8;  714.00;   -0.4;   64.79;    4.6;   -2.4;-999;eor
       5792;20160923;   10;  13.0;   5.6;    3;   0.0;   0;    2.150;   8;   6.0;   5.5;  717.20;   -1.3;   97.83;    0.0;   -3.6;-999;eor
       5792;20160924;   10;  10.9;   4.1;    3;   0.0;   0;   11.883;   7;   2.3;   4.5;  718.36;    1.6;   65.33;    4.6;   -3.4;-999;eor
       5792;20160925;   10;   9.9;   3.8;    3;   0.0;   0;    9.317;   5;   4.0;   4.6;  716.38;    2.1;   66.54;    4.8;   -0.7;-999;eor
       5792;20160926;   10;  11.9;   4.2;    3;   0.0;   0;    4.900;   5;   4.3;   5.3;  715.80;    0.0;   86.50;    1.8;   -1.6;-999;eor
       5792;20160927;   10;   9.2;   3.3;    3;   0.0;   6;    2.300;   5;   5.3;   5.4;  718.18;    0.2;   87.21;    1.8;   -0.9;-999;eor
       5792;20160928;   10;  15.5;   6.7;    3;   0.0;   0;   10.817;   0;   4.0;   4.5;  721.86;    1.7;   65.08;    4.2;   -0.4;-999;eor
       5792;20160929;   10;  15.3;   6.3;    3;   0.0;   0;   11.383;   0;   2.3;   3.6;  719.84;    6.6;   37.33;    9.5;    2.3;-999;eor
       5792;20160930;   10;  15.1;   5.9;    3;   0.0;   0;    9.100;   0;   3.7;   5.7;  714.47;    2.7;   76.83;    6.2;    0.3;-999;eor
       5792;20161001;   10;  24.0;   8.4;    3;   1.1;   8;    6.917;   0;   7.3;   5.6;  710.50;    1.0;   85.33;    3.4;   -0.2;-999;eor
       5792;20161002;   10;  23.9;   4.9;    3;  12.4;   7;    0.017;   0;   8.0;   5.3;  709.41;   -1.9;   99.00;    0.6;   -6.9;-999;eor
       5792;20161003;   10;  16.8;   6.2;    3;  13.1;   7;    1.600;   4;   8.0;   3.6;  712.43;   -6.6;   96.17;   -4.7;   -8.0;-999;eor
       5792;20161004;   10;  13.1;   4.5;    3;   0.3;   7;    2.283;  15;   8.0;   3.7;  714.54;   -5.7;   92.67;   -3.5;   -7.2;-999;eor
       5792;20161005;   10;  10.3;   4.0;    3;   1.7;   7;    9.283;  15;   3.0;   1.3;  710.73;   -7.8;   40.67;   -3.9;  -13.4;-999;eor
       5792;20161006;   10;  11.7;   4.1;    3;   0.0;   7;    9.267;  17;   5.0;   3.4;  705.85;   -6.8;   89.96;   -4.0;  -11.7;-999;eor
       5792;20161007;   10;  15.8;   4.3;    3;   0.0;   0;    3.550;  17;   6.3;   3.9;  706.06;   -5.2;   94.13;   -3.0;   -6.2;-999;eor
       5792;20161008;   10;  17.5;   5.0;    3;   4.9;   7;    0.000;  17;   8.0;   3.4;  706.93;   -7.1;   95.42;   -5.9;   -9.1;-999;eor
       5792;20161009;   10;   9.4;   3.0;    3;   3.3;   7;    2.767;  22;   7.0;   2.7;  707.74;   -9.4;   89.33;   -6.6;  -10.9;-999;eor
       5792;20161010;   10;   7.0;   2.5;    3;   0.6;   7;    0.317;  25;   8.0;   2.8;  706.26;   -9.3;   90.83;   -7.1;  -10.7;-999;eor
       5792;20161011;   10;   7.5;   2.6;    3;   9.4;   7;    1.183;  26;   8.0;   2.4;  702.46;  -10.8;   90.17;   -9.3;  -12.1;-999;eor
       5792;20161012;   10;  14.4;   5.6;    3;   0.0;   7;    7.183;  38;   4.7;   2.4;  703.20;   -9.8;   81.54;   -5.9;  -12.1;-999;eor
       5792;20161013;   10;  37.2;  10.2;    3;   0.0;   0;    5.517;  38;   6.7;   2.9;  704.63;   -3.3;   58.38;    1.1;   -7.4;-999;eor
       5792;20161014;   10;  36.1;  16.7;    3;   0.0;   6;    0.500;  33;   7.3;   5.5;  705.96;    0.1;   88.79;    1.4;   -1.6;-999;eor
       5792;20161015;   10;  15.6;   6.4;    3;   0.0;   0;    6.700;  30;   5.7;   5.1;  709.30;   -0.6;   87.96;    1.1;   -2.4;-999;eor
       5792;20161016;   10;   9.6;   5.0;    3;   0.0;   0;   10.500;  28;   2.0;   2.3;  715.35;    1.7;   35.75;    4.8;   -3.1;-999;eor
       5792;20161017;   10;   8.0;   3.4;    3;   2.6;   7;    3.167;  27;   7.7;   3.5;  715.45;    0.1;   60.25;    2.6;   -2.6;-999;eor
       5792;20161018;   10;  16.8;   5.3;    3;   7.6;   7;    0.150;  27;   8.0;   4.6;  712.52;   -3.8;   98.25;   -2.5;   -5.2;-999;eor
       5792;20161019;   10;  19.7;   6.4;    3;   2.8;   7;    0.283;  30;   8.0;   3.8;  707.74;   -6.1;   96.96;   -4.8;   -8.2;-999;eor
       5792;20161020;   10;  16.9;   6.2;    3;   0.1;   7;    2.500;  32;   6.7;   2.7;  703.40;   -9.1;   88.83;   -7.9;  -11.0;-999;eor
       5792;20161021;   10;  18.5;   8.1;    3;   3.4;   7;    0.017;  32;   8.0;   2.8;  702.48;   -9.1;   92.54;   -8.2;  -10.4;-999;eor
       5792;20161022;   10;  20.5;  10.7;    3;   0.0;   0;    9.167;  34;   1.7;   2.4;  703.29;   -8.6;   75.58;   -6.4;  -11.3;-999;eor
       5792;20161023;   10;  30.7;  14.4;    3;   0.7;   7;    4.567;  33;   7.3;   3.9;  705.88;   -3.3;   77.92;    0.6;   -7.2;-999;eor
       5792;20161024;   10;  35.2;  16.6;    3;   0.0;   8;    7.133;  30;   7.0;   5.3;  711.96;    1.6;   77.33;    2.9;   -0.1;-999;eor
       5792;20161025;   10;  33.1;   8.7;    3;  18.6;   8;    0.133;  27;   8.0;   6.1;  714.86;    0.2;   97.58;    2.1;   -1.4;-999;eor
       5792;20161026;   10;  10.8;   3.3;    3;   3.8;   8;    0.767;  33;   7.3;   5.2;  715.78;   -2.0;   96.71;   -0.3;   -6.8;-999;eor
       5792;20161027;   10;  13.3;   6.3;    3;   0.0;   0;   10.250;  31;   1.3;   2.3;  718.57;   -3.9;   51.29;    0.8;   -7.0;-999;eor
       5792;20161028;   10;  16.0;   7.0;    3;   0.0;   0;    9.983;  28;   5.0;   2.0;  722.10;    0.3;   32.83;    1.7;   -1.6;-999;eor
       5792;20161029;   10;  13.1;   7.0;    3;   0.1;   6;    1.950;  27;   5.7;   4.9;  720.43;   -1.5;   89.46;    1.3;   -5.5;-999;eor
       5792;20161030;   10;  11.2;   4.8;    3;   0.0;   0;    3.550;  27;   3.0;   4.1;  717.65;   -2.9;   82.38;   -0.6;   -4.7;-999;eor
       5792;20161031;   10;   9.2;   3.4;    3;   0.0;   0;   10.033;  27;   3.3;   3.2;  716.69;   -1.0;   56.83;    1.3;   -3.3;-999;eor
       5792;20161101;   10;  21.3;   8.2;    3;   0.0;   0;    9.917;  25;   5.3;   3.1;  714.01;   -0.7;   54.29;    1.1;   -2.2;-999;eor
       5792;20161102;   10;  23.3;   9.7;    3;   4.0;   7;    0.000;  25;   8.0;   3.6;  707.07;   -5.9;   91.88;   -2.1;   -9.4;-999;eor
       5792;20161103;   10;  18.3;   7.1;    3;   0.0;   7;    6.800;  30;   4.0;   2.0;  706.23;   -9.2;   66.54;   -4.4;  -12.3;-999;eor
       5792;20161104;   10;  24.2;  12.1;    3;   0.0;   0;    5.717;  30;   4.7;   1.9;  706.43;   -4.6;   42.92;   -2.9;   -7.1;-999;eor
       5792;20161105;   10;  37.1;  13.4;    3;   5.1;   7;    0.950;  28;   7.0;   4.1;  699.57;   -2.9;   83.50;   -1.2;   -4.4;-999;eor
       5792;20161106;   10;  13.2;   4.9;    3;  18.7;   7;    0.000;  32;   8.0;   2.8;  692.36;   -9.6;   93.17;   -4.5;  -13.5;-999;eor
       5792;20161107;   10;  13.5;   4.4;    3;   2.5;   7;    2.200;  55;   7.7;   1.9;  693.48;  -14.2;   90.67;  -12.6;  -15.1;-999;eor
       5792;20161108;   10;  16.3;   6.7;    3;   1.6;   7;    5.850;  56;   3.0;   1.6;  694.38;  -15.3;   86.54;  -13.7;  -16.2;-999;eor
       5792;20161109;   10;  31.0;  11.3;    3;   9.4;   7;    5.800;  58;   5.0;   1.9;  693.65;  -12.9;   79.46;   -9.2;  -17.0;-999;eor
       5792;20161110;   10;  30.1;  11.9;    3;  16.6;   7;    0.317;  55;   8.0;   2.4;  696.77;  -11.4;   94.00;   -9.8;  -12.5;-999;eor
       5792;20161111;   10;  30.6;   9.4;    3;  16.9;   7;    0.000;  75;   8.0;   2.4;  698.93;  -11.7;   95.25;   -9.5;  -13.9;-999;eor
       5792;20161112;   10;  13.3;   4.9;    3;   1.2;   7;    5.550;  90;   4.0;   1.5;  703.80;  -13.3;   67.21;  -10.1;  -14.5;-999;eor
       5792;20161113;   10;  14.8;   6.5;    3;   0.1;   7;    0.333;  91;   7.3;   1.4;  706.67;  -11.2;   53.63;   -9.6;  -13.0;-999;eor
       5792;20161114;   10;  11.2;   4.1;    3;   0.0;   0;    9.350;  90;   1.0;   1.2;  710.84;   -8.6;   39.79;   -4.1;  -12.0;-999;eor
       5792;20161115;   10;  14.2;   7.4;    3;   5.5;   8;    3.633;  75;   6.3;   2.8;  713.90;   -5.4;   62.25;   -1.3;   -7.7;-999;eor
       5792;20161116;   10;  21.0;   8.1;    3;   9.1;   7;    0.000;  70;   8.0;   5.4;  712.39;   -1.8;   99.54;   -1.1;   -2.6;-999;eor
       5792;20161117;   10;  25.0;  13.5;    3;   0.0;   7;    3.583;  75;   4.7;   4.2;  706.80;   -3.6;   89.04;   -1.6;   -5.9;-999;eor
       5792;20161118;   10;  33.6;  14.1;    3;   0.1;   7;    3.550;  70;   5.3;   3.5;  702.69;   -4.6;   81.58;   -1.2;   -6.0;-999;eor
       5792;20161119;   10;  26.4;  11.8;    3;   3.8;   7;    0.000;  63;   7.0;   3.2;  700.63;   -7.6;   90.67;   -4.7;  -12.5;-999;eor
       5792;20161120;   10;  35.0;  18.8;    3;   0.0;   0;    6.800;  65;   6.0;   2.6;  702.57;   -4.6;   58.75;   -2.6;   -7.1;-999;eor
       5792;20161121;   10;  44.6;  19.6;    3;   0.0;   0;    2.817;  60;   7.0;   4.1;  703.60;   -2.8;   81.42;   -0.7;   -4.8;-999;eor
       5792;20161122;   10;  34.4;  14.5;    3;   0.0;   0;    0.000;  60;   7.0;   4.2;  708.21;   -1.0;   73.96;    1.8;   -3.3;-999;eor
       5792;20161123;   10;  22.1;   6.3;    3;   0.0;   0;    0.383;  60;   6.7;   3.8;  711.76;    0.4;   60.92;    2.6;   -2.7;-999;eor
       5792;20161124;   10;  23.5;   8.2;    3;   0.0;   0;    0.250;  59;   7.0;   3.2;  710.15;   -0.1;   54.17;    2.7;   -2.9;-999;eor
       5792;20161125;   10;  13.0;   4.7;    3;   0.2;   7;    2.500;  59;   6.0;   4.2;  708.04;   -0.7;   73.25;    2.9;   -3.1;-999;eor
       5792;20161126;   10;  13.1;   6.9;    3;   3.8;   7;    5.133;  59;   6.3;   4.2;  706.87;   -2.9;   86.38;    0.0;   -5.2;-999;eor
       5792;20161127;   10;  14.0;   6.9;    3;   1.9;   7;    6.767;  60;   7.3;   3.1;  704.36;   -7.1;   84.63;   -5.2;  -12.6;-999;eor
       5792;20161128;   10;  16.1;   5.9;    3;   0.0;   0;    8.833;  64;   0.3;   0.5;  703.40;  -13.0;   21.58;  -10.2;  -15.5;-999;eor
       5792;20161129;   10;  16.5;   5.1;    3;   0.0;   0;    8.783;  63;   0.0;   1.0;  709.77;  -10.4;   33.42;   -7.7;  -14.8;-999;eor
       5792;20161130;   10;  19.8;   8.1;    3;   0.0;   0;    8.567;  63;   2.7;   1.4;  714.20;   -8.4;   42.79;   -6.7;  -10.0;-999;eor
       5792;20161201;   10;  19.6;  10.6;    3;   0.4;   7;    0.517;  63;   5.7;   2.5;  711.27;   -8.0;   72.25;   -6.1;  -10.3;-999;eor
       5792;20161202;   10;  21.8;   9.4;    3;   0.0;   0;    8.233;  63;   1.7;   1.9;  706.04;   -8.7;   58.25;   -7.5;  -10.1;-999;eor
       5792;20161203;   10;   9.5;   3.1;    3;   0.0;   0;    8.467;  63;   0.7;   1.3;  706.34;   -5.5;   32.96;   -1.3;   -8.3;-999;eor
       5792;20161204;   10;  10.7;   4.3;    3;   0.0;   0;    8.650;  63;   2.0;   1.0;  709.54;   -5.9;   24.92;   -4.5;   -6.9;-999;eor
       5792;20161205;   10;   9.4;   4.5;    3;   0.0;   0;    8.633;  63;   0.7;   0.8;  711.59;   -6.8;   22.00;   -4.4;   -9.1;-999;eor
       5792;20161206;   10;  10.0;   4.8;    3;   0.0;   0;    8.550;  63;   0.3;   0.9;  714.29;   -7.8;   25.92;   -5.4;   -9.3;-999;eor
       5792;20161207;   10;   7.8;   3.4;    3;   0.0;   0;    8.550;  63;   3.3;   0.5;  718.73;   -3.0;    9.96;    1.7;   -7.0;-999;eor
       5792;20161208;   10;  14.8;   5.5;    3;   0.0;   0;    8.500;  63;   3.3;   1.2;  720.89;   -0.8;   19.63;    3.6;   -3.4;-999;eor
       5792;20161209;   10;  18.9;   8.3;    3;   0.0;   0;    6.567;  62;   5.0;   2.2;  719.08;   -3.0;   43.63;    1.6;   -4.5;-999;eor
       5792;20161210;   10;  15.4;   8.3;    3;   0.0;   0;    8.250;  62;   2.3;   1.8;  716.80;    0.3;   28.00;    2.3;   -1.4;-999;eor
       5792;20161211;   10;  26.0;  10.5;    3;   3.6;   7;    2.550;  62;   5.7;   2.0;  709.77;   -6.0;   57.75;    0.1;  -11.6;-999;eor
       5792;20161212;   10;  19.5;   7.3;    3;   1.3;   7;    2.750;  65;   5.7;   2.2;  708.33;  -10.8;   81.67;   -6.2;  -12.0;-999;eor
       5792;20161213;   10;  15.5;   7.2;    3;   0.0;   0;    8.183;  65;   3.3;   1.5;  711.56;   -7.7;   44.50;   -5.9;   -9.9;-999;eor
       5792;20161214;   10;  12.2;   5.0;    3;   0.0;   7;    3.950;  65;   5.7;   2.6;  711.20;   -7.3;   71.75;   -3.9;   -8.4;-999;eor
       5792;20161215;   10;   8.2;   3.3;    3;   0.0;   0;    8.450;  65;   1.3;   0.7;  712.07;   -3.0;   16.21;    0.2;   -6.8;-999;eor
       5792;20161216;   10;  13.8;   6.3;    3;   0.0;   0;    8.450;  65;   1.0;   0.6;  714.30;   -3.4;   11.50;   -0.9;   -4.6;-999;eor
       5792;20161217;   10;   5.0;   2.0;    3;   0.0;   0;    7.933;  65;   5.7;   0.7;  718.97;   -5.2;   16.50;   -2.5;   -7.9;-999;eor
       5792;20161218;   10;  10.5;   4.2;    3;   3.8;   7;    3.450;  65;   7.3;   2.2;  714.58;   -8.7;   70.92;   -5.5;  -10.6;-999;eor
       5792;20161219;   10;  30.8;  14.4;    3;   0.0;   0;    6.867;  75;   4.3;   1.8;  708.39;  -10.3;   69.46;   -4.2;  -13.6;-999;eor
       5792;20161220;   10;  19.7;   8.1;    3;   0.0;   0;    7.283;  75;   2.0;   2.8;  711.40;   -3.0;   56.79;   -1.5;   -5.1;-999;eor
       5792;20161221;   10;   9.7;   4.5;    3;   0.0;   0;    8.417;  75;   2.0;   2.2;  715.53;   -2.4;   42.96;    1.4;   -4.5;-999;eor
       5792;20161222;   10;  11.5;   6.8;    3;   0.0;   7;    8.350;  75;   5.0;   2.5;  717.53;   -3.6;   54.71;   -0.9;   -7.1;-999;eor
       5792;20161223;   10;  19.0;   7.8;    3;   0.0;   0;    6.683;  73;   4.3;   3.3;  718.13;   -4.8;   77.38;   -1.4;   -7.6;-999;eor
       5792;20161224;   10;  28.4;  11.4;    3;   5.1;   7;    1.017;  70;   7.3;   2.5;  715.00;   -6.5;   68.25;   -3.4;  -10.1;-999;eor
       5792;20161225;   10;  25.9;  10.4;    3;   0.9;   7;    0.000;  70;   8.0;   3.9;  714.88;   -5.9;   96.13;   -2.3;  -10.7;-999;eor
       5792;20161226;   10;  23.7;   8.3;    3;   7.2;   7;    0.583;  70;   7.3;   4.4;  717.14;   -4.1;   97.00;   -2.3;   -8.5;-999;eor
       5792;20161227;   10;  18.5;   9.2;    3;   1.3;   7;    6.333;  75;   4.3;   1.8;  716.46;  -13.6;   80.63;   -8.5;  -15.7;-999;eor
       5792;20161228;   10;  22.4;   7.3;    3;   0.0;   0;    6.950;  76;   6.7;   1.5;  719.52;  -10.3;   55.17;   -6.8;  -13.1;-999;eor
       5792;20161229;   10;  23.9;   5.8;    3;   0.0;   0;    8.483;  70;   0.3;   1.1;  718.66;   -7.0;   29.50;   -4.1;   -8.8;-999;eor
       5792;20161230;   10;  11.2;   4.8;    3;   0.0;   0;    8.467;  70;   0.0;   1.6;  719.05;   -5.1;   37.92;   -3.3;   -6.2;-999;eor
       5792;20161231;   10;   9.1;   2.9;    3;   0.0;   0;    8.483;  70;   0.3;   1.0;  716.50;   -4.9;   22.71;   -3.3;   -6.1;-999;eor
       5792;20170101;   10;  16.2;   8.8;    3;   0.0;   0;    8.517;  70;   0.0;   1.1;  709.09;   -6.4;   29.13;   -4.4;   -8.0;-999;eor
       5792;20170102;   10;  23.3;   8.4;    3;   3.3;   7;    6.400;  70;   4.7;   1.4;  703.81;  -11.4;   58.38;   -7.2;  -16.8;-999;eor
       5792;20170103;   10;  18.2;   5.8;    3;   0.7;   7;    8.567;  80;   2.3;   1.1;  703.66;  -15.9;   61.54;   -9.4;  -19.6;-999;eor
       5792;20170104;   10;-999;-999;    3;  48.3;   7;    0.000;  80;   8.0;   1.9;  698.23;  -13.6;   87.33;   -7.5;  -18.0;-999;eor
       5792;20170105;   10;-999;-999;    3;  16.9;   7;    0.033; 180;   8.0;   0.9;  698.38;  -21.9;   86.92;  -17.5;  -24.7;-999;eor
       5792;20170106;   10;  15.3;   6.1;    3;   0.0;   0;    8.600; 195;   0.3;   0.5;  704.13;  -24.0;   56.21;  -19.6;  -27.2;-999;eor
       5792;20170107;   10;  20.2;  10.0;    3;  19.1;   7;    0.217; 180;   7.7;   1.1;  706.19;  -16.8;   60.67;  -11.5;  -19.7;-999;eor
       5792;20170108;   10;  18.1;   7.8;    3;  10.3;   7;    0.000; 185;   8.0;   1.8;  705.68;  -14.7;   88.83;  -11.8;  -17.5;-999;eor
       5792;20170109;   10;  17.1;   6.9;    3;   0.0;   0;    8.317; 180;   2.3;   0.6;  704.88;  -11.2;   24.92;   -9.7;  -12.9;-999;eor
       5792;20170110;   10;  13.6;   5.4;    3;   3.6;   7;    8.167; 170;   6.0;   1.2;  695.97;  -12.8;   54.63;   -9.2;  -14.5;-999;eor
       5792;20170111;   10;  30.6;  10.7;    3;   8.1;   7;    3.450; 167;   6.3;   1.9;  696.75;  -13.2;   86.21;   -9.3;  -15.6;-999;eor
       5792;20170112;   10;  39.8;  15.6;    3;   4.9;   7;    0.000; 155;   8.0;   2.7;  698.18;   -9.6;   91.17;   -6.3;  -11.3;-999;eor
       5792;20170113;   10;  36.2;-999;    3;  17.5;   7;    0.000; 160;   8.0;   1.6;  688.05;  -16.4;   88.79;   -7.4;  -20.3;-999;eor
       5792;20170114;   10;  19.0;   6.7;    3;  32.5;   7;    0.000; 190;   8.0;   1.3;  692.47;  -18.4;   88.21;  -16.7;  -20.3;-999;eor
       5792;20170115;   10;  15.8;   5.9;    3;   4.8;   7;    0.117; 275;   7.7;   1.0;  696.58;  -20.6;   83.42;  -19.9;  -21.5;-999;eor
       5792;20170116;   10;  16.9;   2.6;    3;  12.0;   7;    1.500; 270;   7.7;   0.9;  696.44;  -22.1;   85.46;  -21.1;  -22.9;-999;eor
       5792;20170117;   10;  28.0;  10.3;    3;   0.1;   7;    6.800; 270;   3.7;   1.0;  700.36;  -20.5;   82.79;  -15.6;  -23.0;-999;eor
       5792;20170118;   10;  31.1;  12.1;    3;   0.0;   0;    8.967; 260;   0.3;   1.4;  705.57;  -14.7;   73.75;  -13.0;  -16.3;-999;eor
       5792;20170119;   10;  15.5;   8.6;    3;   0.0;   0;    9.050; 240;   0.3;   1.4;  709.18;  -11.9;   57.88;   -9.5;  -13.6;-999;eor
       5792;20170120;   10;  19.0;   9.4;    3;   0.0;   0;    9.083; 235;   0.3;   0.8;  710.37;   -9.5;   25.88;   -8.0;  -11.7;-999;eor
       5792;20170121;   10;  13.0;   6.6;    3;   0.0;   0;    9.150; 225;   0.0;   0.6;  710.59;   -8.0;   17.13;   -4.6;  -10.2;-999;eor
       5792;20170122;   10;  14.6;   7.1;    3;   0.0;   0;    9.067; 215;   0.3;   0.4;  709.22;   -6.0;   11.46;   -3.9;   -7.8;-999;eor
       5792;20170123;   10;   7.6;   3.5;    3;   0.0;   0;    9.167; 215;   1.0;   0.4;  706.52;   -7.1;   10.67;   -5.3;   -8.7;-999;eor
       5792;20170124;   10;  21.4;   5.5;    3;   0.0;   0;    9.100; 210;   2.3;   0.6;  704.41;   -9.0;   20.83;   -7.1;  -10.9;-999;eor
       5792;20170125;   10;  20.8;  10.0;    3;   0.0;   0;    9.250; 210;   0.3;   1.2;  707.13;   -7.3;   34.13;   -5.5;   -8.8;-999;eor
       5792;20170126;   10;  13.4;   5.3;    3;   0.0;   0;    9.333; 210;   0.0;   0.6;  708.33;   -4.8;   14.58;   -0.7;   -6.2;-999;eor
       5792;20170127;   10;  17.1;   6.8;    3;   0.0;   0;    9.133; 210;   2.0;   0.7;  708.72;   -5.1;   16.67;   -2.7;   -7.3;-999;eor
       5792;20170128;   10;  13.9;   6.4;    3;   0.0;   0;    9.117; 205;   4.0;   1.3;  707.33;   -6.7;   35.96;   -4.8;   -8.3;-999;eor
       5792;20170129;   10;  14.4;   5.9;    3;   0.0;   0;    9.433; 205;   1.7;   1.9;  708.20;   -7.2;   52.54;   -4.3;   -9.3;-999;eor
       5792;20170130;   10;  29.2;  11.3;    3;  10.4;   7;    1.200; 205;   6.7;   2.8;  705.29;   -7.4;   77.79;   -5.4;   -9.6;-999;eor
       5792;20170131;   10;  28.9;  10.9;    3;  29.8;   7;    0.000; 220;   8.0;   3.6;  703.44;   -6.5;   95.17;   -5.8;   -7.7;-999;eor
       5792;20170201;   10;  22.0;   9.7;    3;   2.6;   7;    0.200; 235;   8.0;   3.5;  705.05;   -6.6;   94.38;   -5.2;   -8.0;-999;eor
       5792;20170202;   10;  34.1;  12.8;    3;   0.0;   0;    5.767; 235;   6.3;   3.1;  704.61;   -6.5;   83.04;   -5.3;   -7.3;-999;eor
       5792;20170203;   10;  34.7;  11.3;    3;   0.8;   7;    2.383; 205;   6.7;   3.1;  700.01;   -7.1;   86.63;   -5.6;   -9.3;-999;eor
       5792;20170204;   10;  28.2;  10.2;    3;   4.3;   7;    3.933; 205;   6.7;   2.4;  695.48;   -9.5;   82.21;   -6.9;  -12.3;-999;eor
       5792;20170205;   10;  25.2;   9.7;    3;   5.3;   7;    2.067; 210;   5.3;   2.2;  694.37;   -9.5;   72.75;   -6.2;  -14.1;-999;eor
       5792;20170206;   10;  15.8;   5.6;    3;   4.0;   7;    0.050; 210;   7.3;   2.1;  698.45;  -11.1;   79.79;   -7.8;  -13.4;-999;eor
       5792;20170207;   10;  14.3;   5.3;    3;   1.7;   7;    8.400; 205;   5.3;   1.8;  701.28;  -11.6;   71.17;  -10.6;  -12.9;-999;eor
       5792;20170208;   10;  12.5;   3.6;    3;   0.0;   7;    0.450; 200;   7.3;   2.4;  702.55;  -10.8;   90.42;   -9.2;  -12.3;-999;eor
       5792;20170209;   10;  13.3;   6.2;    3;   0.0;   0;    9.550; 200;   4.0;   1.9;  703.72;   -9.5;   65.29;   -4.5;  -13.6;-999;eor
       5792;20170210;   10;  18.0;   8.0;    3;   0.0;   7;    9.283; 200;   5.0;   2.1;  703.53;   -8.9;   69.50;   -6.2;   -9.9;-999;eor
       5792;20170211;   10;  15.9;   8.8;    3;   0.0;   0;    9.417; 200;   4.3;  -999;  705.18;   -8.9;-999;   -6.9;  -11.1;-999;eor
       5792;20170212;   10;  18.0;   7.9;    3;   0.0;   0;    8.433; 200;   7.0;   1.9;  710.07;   -6.4;   49.71;   -4.5;   -8.9;-999;eor
       5792;20170213;   10;  14.4;   6.6;    3;   0.0;   0;    9.817; 200;   0.7;   1.8;  711.42;   -4.7;   41.04;   -2.0;   -6.1;-999;eor
       5792;20170214;   10;  13.0;   4.4;    3;   0.0;   0;   10.250; 200;   0.0;   0.9;  716.05;   -2.5;   18.00;   -0.4;   -4.5;-999;eor
       5792;20170215;   10;  11.8;   4.2;    3;   0.0;   0;   10.300; 200;   0.0;   1.5;  720.03;   -1.7;   27.13;    3.3;   -4.8;-999;eor
       5792;20170216;   10;   9.8;   3.8;    3;   0.8;   7;   10.100; 200;   1.3;   2.0;  716.61;   -5.5;   51.21;   -1.9;   -9.1;-999;eor
       5792;20170217;   10;  20.6;   7.3;    3;  25.9;   7;    0.000; 197;   8.0;   2.6;  709.32;  -10.4;   91.58;   -8.0;  -14.6;-999;eor
       5792;20170218;   10;  10.3;   4.2;    3;   0.3;   7;    8.733; 215;   3.0;   1.7;  708.15;  -11.4;   67.67;   -9.1;  -12.8;-999;eor
       5792;20170219;   10;  16.9;   7.3;    3;   4.1;   7;    8.867; 215;   2.7;   1.3;  708.02;  -10.1;   47.17;   -7.2;  -12.4;-999;eor
       5792;20170220;   10;  17.0;   7.8;    3;   6.6;   7;    2.617; 215;   7.0;   2.3;  707.12;  -10.1;   81.75;   -4.3;  -12.5;-999;eor
       5792;20170221;   10;-999;-999;    3;  13.2;   7;    0.000; 220;   8.0;   4.1;    -999;   -5.2;   97.88;   -4.9;   -5.7;-999;eor
       5792;20170222;   10;-999;-999;    3;   0.0;   7;    5.300; 235;  -999;   3.4;  705.56;   -6.3;   88.29;   -5.6;   -6.8;-999;eor
       5792;20170223;   10;  34.8;  16.2;    3;   2.9;   7;    8.733; 230;   5.7;   2.3;  701.46;   -4.8;   55.42;   -1.9;   -7.1;-999;eor
       5792;20170224;   10;  33.0;   8.3;    3;  11.1;   7;    0.500; 232;   8.0;   2.2;  698.10;  -12.2;   88.63;   -5.9;  -15.5;-999;eor
       5792;20170225;   10;  11.0;   4.1;    3;   0.0;   0;   10.500; 240;   3.3;   1.6;  705.52;   -9.4;   52.38;   -0.7;  -16.8;-999;eor
       5792;20170226;   10;  16.8;   8.6;    3;   0.0;   7;    2.000; 240;   6.7;   2.9;  707.77;   -3.6;   62.33;   -1.0;   -5.1;-999;eor
       5792;20170227;   10;  27.2;  10.5;    3;   0.0;   7;    7.133; 235;   4.7;   2.8;  701.62;   -4.6;   63.42;   -3.2;   -8.9;-999;eor
       5792;20170228;   10;  37.6;  10.3;    3;  11.8;   7;    0.000; 235;   7.7;   2.6;  691.54;   -9.4;   86.50;   -7.4;  -13.7;-999;eor
       5792;20170301;   10;  34.7;  15.2;    3;   5.8;   7;    1.967; 240;   7.7;   2.2;  695.47;  -12.3;   88.50;   -6.4;  -15.7;-999;eor
       5792;20170302;   10;  33.1;  14.3;    3;   3.9;   7;    2.000; 240;   6.7;   2.5;  702.13;   -9.8;   81.38;   -6.4;  -14.3;-999;eor
       5792;20170303;   10;  33.7;  11.6;    3;   0.0;   0;    8.383; 245;   7.3;   1.9;  703.20;   -6.7;   48.58;   -4.4;  -10.8;-999;eor
       5792;20170304;   10;  48.4;  17.9;    3;   3.7;   7;    9.133; 240;   6.0;   2.9;  694.06;   -6.9;   80.71;   -3.8;  -10.2;-999;eor
       5792;20170305;   10;  30.1;  10.2;    3;   8.6;   7;    4.483; 240;   7.3;   2.4;  694.71;  -11.1;   89.54;   -9.7;  -12.6;-999;eor
       5792;20170306;   10;  28.0;  12.0;    3;  28.0;   7;    3.717; 240;   7.3;   2.1;  692.90;  -12.3;   87.21;  -10.0;  -14.2;-999;eor
       5792;20170307;   10;  18.7;   7.1;    3;  20.0;   7;    0.000; 275;   8.0;   2.0;  698.65;  -13.4;   91.29;  -12.6;  -13.9;-999;eor
       5792;20170308;   10;  26.3;   9.1;    3;  33.5;   7;    6.050; 310;   7.0;   2.3;  706.53;  -10.5;   78.50;   -5.2;  -15.0;-999;eor
       5792;20170309;   10;  24.9;  11.9;    3;  67.7;   7;    0.000; 355;   8.0;   3.8;  708.00;   -5.8;   95.17;   -5.0;   -8.2;-999;eor
       5792;20170310;   10;  24.1;   9.0;    3;   1.6;   7;    0.933; 410;   8.0;   2.3;  708.20;  -11.7;   89.17;   -7.6;  -14.9;-999;eor
       5792;20170311;   10;  13.0;   5.3;    3;   0.0;   0;    9.217; 390;   3.3;   1.3;  708.57;   -9.4;   42.29;   -7.3;  -13.4;-999;eor
       5792;20170312;   10;  13.2;   7.2;    3;   0.0;   0;   11.450; 330;   2.3;   1.6;  704.44;   -8.2;   46.67;   -7.0;  -10.3;-999;eor
       5792;20170313;   10;  13.9;   6.7;    3;   0.0;   0;   10.583; 325;   4.3;   1.4;  709.22;   -8.6;   42.13;   -5.6;  -10.2;-999;eor
       5792;20170314;   10;  16.5;   7.8;    3;   0.0;   0;    8.067; 320;   5.0;   2.1;  715.56;   -8.2;   64.67;   -4.9;  -11.4;-999;eor
       5792;20170315;   10;  14.3;   5.8;    3;   0.0;   7;    8.583; 320;   6.0;   2.3;  716.70;   -5.5;   56.96;   -3.9;   -7.6;-999;eor
       5792;20170316;   10;  12.4;   5.5;    3;   0.0;   0;   10.383; 305;   1.7;   2.1;  713.62;   -4.4;   47.58;   -1.2;   -6.2;-999;eor
       5792;20170317;   10;  25.9;  10.6;    3;   0.7;   7;    5.183; 305;   6.3;   3.7;  708.64;   -4.5;   84.79;   -3.0;   -6.5;-999;eor
       5792;20170318;   10;  35.1;  16.3;    3;  38.5;   7;    0.000; 306;   8.0;   3.7;  702.71;   -5.9;   93.96;   -4.3;   -7.6;-999;eor
       5792;20170319;   10;  29.3;  10.8;    3;   1.3;   7;    1.583; 345;   7.7;   4.2;  705.45;   -4.4;   96.13;   -3.3;   -5.5;-999;eor
       5792;20170320;   10;  21.7;  12.4;    3;   0.0;   0;   11.350; 330;   6.0;   4.0;  705.86;   -3.4;   85.21;   -1.2;   -5.2;-999;eor
       5792;20170321;   10;  17.7;   7.4;    3;   4.6;   7;    6.983; 325;   7.0;   4.1;  703.67;   -3.1;   84.67;   -0.3;   -5.0;-999;eor
       5792;20170322;   10;  16.6;   6.3;    3;   2.0;   7;    1.033; 325;   7.7;   4.0;  702.27;   -4.9;   94.08;   -2.8;   -6.5;-999;eor
       5792;20170323;   10;  22.4;   8.4;    3;   0.0;   0;    8.033; 325;   6.0;   3.7;  705.88;   -5.3;   90.00;   -3.3;   -6.4;-999;eor
       5792;20170324;   10;  19.7;   7.4;    3;   0.0;   0;    2.467; 320;   7.0;   3.4;  712.91;   -2.9;   67.83;   -1.0;   -5.3;-999;eor
       5792;20170325;   10;  15.7;   6.4;    3;   0.0;   0;   12.167; 320;   2.7;   3.7;  712.41;   -1.8;   68.38;    0.6;   -4.0;-999;eor
       5792;20170326;   10;  17.0;   5.6;    3;   0.0;   0;    9.617; 315;   3.7;   2.9;  708.64;   -5.3;   69.50;   -3.3;   -8.4;-999;eor
       5792;20170327;   10;  16.0;   5.4;    3;   0.0;   0;   12.650; 310;   1.0;   1.3;  712.18;   -1.9;   23.83;    1.9;   -5.5;-999;eor
       5792;20170328;   10;   8.9;   3.1;    3;   0.0;   0;   12.283; 310;   2.7;   3.3;  714.18;   -2.0;   63.17;    0.7;   -6.1;-999;eor
       5792;20170329;   10;   9.4;   3.7;    3;   0.0;   0;    4.383; 305;   7.7;   4.0;  716.00;   -4.4;   90.29;   -1.4;   -7.1;-999;eor
       5792;20170330;   10;  12.7;   5.6;    3;   0.0;   0;   12.183; 300;   5.7;   3.3;  716.78;   -1.7;   61.00;    2.5;   -6.7;-999;eor
       5792;20170331;   10;  14.1;   5.2;    3;   0.0;   0;   11.583; 300;   4.0;   2.9;  713.56;    0.6;   45.54;    3.9;   -2.4;-999;eor
       5792;20170401;   10;  14.0;   6.5;    3;   0.0;   7;    7.050; 300;   5.3;   3.3;  707.18;   -2.8;   67.13;   -1.3;   -6.0;-999;eor
       5792;20170402;   10;  10.5;   5.4;    3;   0.2;   7;    7.417; 300;   6.0;   3.5;  708.77;   -4.2;   76.75;   -1.7;   -7.1;-999;eor
       5792;20170403;   10;   8.3;   2.5;    3;  11.3;   7;    0.617; 300;   8.0;   4.2;  711.90;   -4.1;   93.96;   -1.5;   -5.4;-999;eor
       5792;20170404;   10;  13.3;   4.1;    3;   5.3;   7;    0.400; 310;   7.7;   3.2;  709.17;   -7.7;   93.88;   -5.0;  -10.4;-999;eor
       5792;20170405;   10;  13.8;   4.9;    3;   7.5;   7;    6.950; 310;   6.0;   3.3;  708.43;   -7.2;   91.00;   -1.9;   -9.8;-999;eor
       5792;20170406;   10;  15.0;   6.3;    3;   0.1;   7;    6.217; 315;   6.7;   2.2;  708.16;   -8.9;   69.63;   -7.2;  -12.0;-999;eor
       5792;20170407;   10;  14.5;   6.4;    3;   0.6;   7;    0.117; 310;   8.0;   3.5;  710.55;   -6.0;   89.67;   -5.1;   -9.1;-999;eor
       5792;20170408;   10;  10.8;   5.0;    3;   0.0;   0;   13.183; 305;   1.3;   3.4;  713.72;   -3.1;   70.83;    1.8;   -8.8;-999;eor
       5792;20170409;   10;  13.2;   5.0;    3;   0.0;   0;   11.483; 300;   1.3;   3.3;  715.93;   -1.6;   60.00;    1.7;   -3.2;-999;eor
       5792;20170410;   10;  15.2;   6.3;    3;   3.3;   7;    6.133; 290;   5.3;   4.3;  713.54;   -2.2;   82.29;   -0.1;   -3.8;-999;eor
       5792;20170411;   10;  17.5;   7.0;    3;   0.8;   7;    2.683; 293;   8.0;   3.7;  710.47;   -6.0;   94.96;   -3.2;  -10.6;-999;eor
       5792;20170412;   10;  21.5;   7.8;    3;   0.0;   0;   11.483; 293;   7.0;   3.2;  709.67;   -5.2;   75.46;   -2.0;   -9.3;-999;eor
       5792;20170413;   10;  25.1;  10.2;    3;   1.0;   7;    0.467; 290;   7.7;   3.8;  705.89;   -5.6;   94.88;   -4.5;   -6.7;-999;eor
       5792;20170414;   10;  20.7;   9.2;    3;   0.0;   0;    7.233; 290;   6.0;   3.9;  706.28;   -5.1;   93.83;   -3.1;   -6.9;-999;eor
       5792;20170415;   10;  18.6;   8.2;    3;  24.2;   7;    0.050; 290;   8.0;   3.6;  706.24;   -6.2;   94.67;   -5.2;   -7.3;-999;eor
       5792;20170416;   10;  21.4;   8.2;    3;  37.8;   7;    0.000; 310;   8.0;   2.8;  704.93;   -9.4;   92.92;   -7.2;  -11.6;-999;eor
       5792;20170417;   10;  25.6;   9.2;    3;  28.0;   7;    0.017; 345;   8.0;   2.5;  702.54;  -10.8;   92.42;   -9.2;  -13.5;-999;eor
       5792;20170418;   10;  18.5;   6.0;    3;  37.1;   7;    0.000; 365;   8.0;   1.6;  701.17;  -15.6;   89.04;  -13.5;  -16.8;-999;eor
       5792;20170419;   10;  12.3;   3.4;    3;  30.6;   7;    0.083; 430;   8.0;   1.4;  704.74;  -16.8;   85.81;  -15.7;  -18.4;-999;eor
       5792;20170420;   10;  15.7;   5.5;    3;   0.2;   7;    7.883; 490;   4.0;   1.0;  708.49;  -17.1;   64.88;  -15.5;  -18.9;-999;eor
       5792;20170421;   10;  14.9;   6.2;    3;   0.0;   7;    8.183; 450;   3.3;   1.9;  711.74;  -10.8;   64.67;   -7.4;  -15.8;-999;eor
       5792;20170422;   10;  18.9;   9.0;    3;  12.3;   7;    7.333; 430;   5.3;   2.9;  709.09;   -8.6;   90.92;   -7.0;  -10.2;-999;eor
       5792;20170423;   10;  19.8;   9.0;    3;   1.6;   7;    7.283; 420;   6.0;   2.4;  706.70;  -10.3;   84.71;   -8.3;  -12.0;-999;eor
       5792;20170424;   10;  25.1;  11.5;    3;   0.0;   0;   13.200; 380;   2.7;   2.9;  706.58;   -5.2;   68.29;   -2.9;   -8.9;-999;eor
       5792;20170425;   10;  28.5;  11.6;    3;   0.6;   7;    2.967; 380;   7.3;   4.0;  701.48;   -4.1;   87.79;   -2.6;   -5.4;-999;eor
       5792;20170426;   10;  24.4;   8.6;    3;  10.7;   7;    0.000; 380;   8.0;   3.8;  698.77;   -5.6;   93.00;   -1.5;   -8.2;-999;eor
       5792;20170427;   10;  11.9;   5.4;    3;   7.2;   7;    1.900; 380;   7.7;   2.8;  698.84;   -8.8;   89.71;   -5.6;  -11.4;-999;eor
       5792;20170428;   10;  11.9;   5.5;    3;  17.0;   7;    0.000; 385;   8.0;   2.1;  698.00;  -12.4;   90.21;  -11.2;  -13.4;-999;eor
       5792;20170429;   10;  10.6;   4.6;    3;   0.0;   0;   14.350; 415;   0.7;   1.3;  703.85;   -9.7;   51.71;   -2.2;  -14.4;-999;eor
       5792;20170430;   10;  23.9;   7.1;    3;   0.0;   0;   14.200; 390;   1.7;   1.4;  703.96;   -2.9;   27.96;    0.8;   -5.0;-999;eor
       5792;20170501;   10;  21.9;   7.3;    3;  26.8;   7;    4.383; 380;   7.3;   2.9;  701.84;   -6.2;   76.42;   -0.7;  -10.5;-999;eor
       5792;20170502;   10;  20.5;   9.0;    3;   0.8;   7;    7.350; 390;   6.3;   2.9;  704.38;   -8.3;   88.04;   -4.8;  -10.7;-999;eor
       5792;20170503;   10;  11.4;   5.2;    3;   4.1;   7;    1.917; 380;   7.3;   3.7;  706.31;   -5.7;   91.25;   -3.4;   -7.2;-999;eor
       5792;20170504;   10;  13.4;   4.2;    3;  13.9;   7;    4.017; 385;   7.7;   3.4;  704.82;   -6.3;   88.92;   -3.2;   -8.0;-999;eor
       5792;20170505;   10;  16.5;   5.9;    3;   0.0;   7;    4.050; 395;   6.0;   3.5;  707.40;   -5.4;   85.79;   -3.0;   -7.7;-999;eor
       5792;20170506;   10;  17.3;   8.0;    3;  10.0;   7;    5.933; 390;   6.7;   3.5;  705.70;   -2.0;   66.67;    0.8;   -4.9;-999;eor
       5792;20170507;   10;  17.1;   8.1;    3;  12.9;   7;    0.000; 390;   8.0;   4.1;  705.71;   -4.8;   96.54;   -4.5;   -5.2;-999;eor
       5792;20170508;   10;  16.6;   6.7;    3;  20.8;   7;    0.000; 395;   8.0;   3.8;  705.64;   -5.6;   95.46;   -4.5;   -7.3;-999;eor
       5792;20170509;   10;  12.7;   4.9;    3;   0.6;   7;    1.233; 410;   7.7;   2.9;  703.63;   -8.6;   88.96;   -7.2;  -10.3;-999;eor
       5792;20170510;   10;  22.2;   8.7;    3;   0.0;   0;   14.633; 410;   1.3;   2.8;  702.82;   -4.6;   61.88;   -1.2;   -9.7;-999;eor
       5792;20170511;   10;  36.7;  11.0;    3;   1.3;   7;    8.967; 410;   5.3;   4.2;  701.11;   -2.3;   81.29;    0.1;   -4.2;-999;eor
       5792;20170512;   10;  26.9;   6.2;    3;   9.3;   7;    3.100; 400;   7.7;   5.1;  702.50;   -2.0;   96.92;   -0.2;   -3.2;-999;eor
       5792;20170513;   10;  10.7;   3.6;    3;   7.2;   7;    4.800; 395;   7.3;   5.1;  708.65;   -1.8;   96.13;   -0.1;   -3.6;-999;eor
       5792;20170514;   10;  11.2;   4.5;    3;   8.9;   7;    3.133; 395;   7.3;   5.4;  714.65;   -1.7;   98.96;   -0.1;   -2.8;-999;eor
       5792;20170515;   10;  11.5;   4.1;    3;   3.5;   7;    1.233; 395;   7.7;   5.0;  718.88;   -2.4;   97.92;   -0.1;   -4.4;-999;eor
       5792;20170516;   10;   7.7;   4.1;    3;   0.0;   0;   14.833; 395;   4.3;   3.1;  720.51;    0.3;   49.25;    6.4;   -5.8;-999;eor
       5792;20170517;   10;   8.6;   3.1;    3;   0.0;   0;   14.483; 385;   1.3;   5.2;  717.83;    4.7;   59.92;    7.7;    2.4;-999;eor
       5792;20170518;   10;  17.6;   6.3;    3;   0.0;   0;    6.383; 375;   5.7;   6.7;  713.00;    3.3;   85.71;    4.6;    1.7;-999;eor
       5792;20170519;   10;  18.2;   9.4;    3;   2.0;   7;    1.517; 375;   7.3;   5.7;  708.50;    0.3;   90.63;    2.8;   -4.9;-999;eor
       5792;20170520;   10;  10.6;   2.9;    3;   8.7;   8;    0.167; 370;   7.7;   3.7;  711.17;   -5.4;   89.17;   -2.5;   -8.8;-999;eor
       5792;20170521;   10;  15.5;   6.7;    3;   0.0;   7;    9.733; 370;   5.3;   4.7;  714.52;   -2.4;   90.46;    1.6;   -6.0;-999;eor
       5792;20170522;   10;  18.5;   5.7;    3;   0.0;   0;    9.750; 360;   4.0;   5.3;  713.76;    1.0;   81.00;    4.5;   -0.8;-999;eor
       5792;20170523;   10;  17.2;   7.0;    3;   2.2;   7;    2.000; 350;   7.0;   6.0;  714.86;    0.1;   96.54;    1.3;   -1.1;-999;eor
       5792;20170524;   10;  18.3;   7.7;    3;   9.2;   8;    0.033; 345;   8.0;   5.9;  715.17;   -0.4;   99.71;    0.9;   -2.3;-999;eor
       5792;20170525;   10;  14.3;   5.2;    3;   0.0;   0;    1.567; 345;   7.7;   5.0;  713.90;   -2.3;   96.79;   -0.4;   -4.3;-999;eor
       5792;20170526;   10;  11.7;   3.5;    3;   0.0;   0;   15.583; 340;   1.0;   3.9;  715.27;    1.6;   56.88;    6.7;   -4.1;-999;eor
       5792;20170527;   10;  11.3;   4.1;    3;   0.0;   0;   15.533; 335;   0.7;   4.7;  717.75;    4.3;   56.38;    6.6;    2.9;-999;eor
       5792;20170528;   10;  11.2;   4.4;    3;   0.0;   0;   15.017; 330;   2.0;   5.3;  719.08;    5.3;   58.04;    7.7;    3.4;-999;eor
       5792;20170529;   10;   7.0;   3.2;    3;   0.0;   0;   12.417; 320;   2.3;   6.7;  717.00;    6.0;   71.67;    9.0;    4.0;-999;eor
       5792;20170530;   10;   9.5;   3.6;    3;  14.1;   8;    8.817; 315;   4.7;   7.5;  716.11;    5.3;   84.17;    8.9;    2.7;-999;eor
       5792;20170531;   10;   8.7;   3.0;    3;   0.0;   6;    5.383; 310;   6.7;   7.5;  717.61;    4.7;   87.54;    8.0;    1.9;-999;eor
       5792;20170601;    3;   8.8;   3.0;    3;  16.3;   8;    1.150; 305;   7.7;   7.3;  717.29;    3.6;   91.50;    6.8;    1.6;-999;eor
       5792;20170602;    3;   7.1;   2.6;    3;   0.8;   8;    2.850; 305;   7.0;   6.4;  715.68;    2.7;   86.50;    6.1;    1.7;-999;eor
       5792;20170603;    3;  22.0;   4.4;    3;   2.1;   8;    9.233; 300;   5.0;   7.3;  713.76;    4.3;   87.71;    7.1;    1.8;-999;eor
       5792;20170604;    3;  19.4;   6.1;    3;  11.3;   8;    1.733; 295;   6.7;   6.4;  711.27;    0.8;   98.88;    3.4;   -0.6;-999;eor
       5792;20170605;    3;  17.6;   7.6;    3;   6.2;   8;    2.050; 290;   8.0;   6.5;  709.91;    1.4;   96.21;    3.8;   -0.6;-999;eor
       5792;20170606;    3;  27.1;  10.4;    3;  10.0;   8;    0.483; 285;   7.7;   5.6;  705.52;   -1.2;   98.17;    2.9;   -6.4;-999;eor
       5792;20170607;    3;  20.0;   7.0;    3;   0.0;   7;    5.583; 285;   5.3;   3.9;  709.48;   -5.3;   93.75;   -2.6;   -7.7;-999;eor
       5792;20170608;    3;  15.2;   7.9;    3;   0.0;   0;   15.600; 280;   5.0;   3.0;  714.48;    0.3;   46.58;    4.6;   -7.6;-999;eor
       5792;20170609;    3;  15.4;   6.0;    3;   0.9;   8;    7.933; 275;   6.0;   5.5;  714.18;    3.1;   73.38;    6.6;    0.2;-999;eor
       5792;20170610;    3;  16.2;   6.4;    3;   0.0;   0;    2.683; 265;   7.7;   6.4;  716.10;    1.3;   94.75;    3.8;   -0.2;-999;eor
       5792;20170611;    3;  16.7;   5.2;    3;   0.0;   0;   15.333; 260;   2.0;   5.9;  718.68;    7.5;   56.33;   13.3;    1.0;-999;eor
       5792;20170612;    3;  20.5;   8.6;    3;   0.0;   6;    1.117; 250;   7.7;   9.0;  717.29;    6.1;   95.46;    7.5;    4.3;-999;eor
       5792;20170613;    3;  21.6;   9.1;    3;   0.0;   0;    7.867; 245;   6.0;   8.5;  716.35;    5.4;   94.88;    8.5;    3.7;-999;eor
       5792;20170614;    3;  16.3;   7.0;    3;   0.0;   0;    4.667; 235;   8.0;   8.5;  716.20;    5.2;   95.54;    7.1;    4.1;-999;eor
       5792;20170615;    3;  17.7;   4.5;    3;   8.1;   8;    6.267; 225;   6.3;   8.0;  717.07;    5.1;   90.96;    8.2;    2.6;-999;eor
       5792;20170616;    3;  22.5;   9.4;    3;   2.4;   8;    0.183; 220;   7.7;   7.1;  716.52;    2.2;   98.79;    4.7;   -1.3;-999;eor
       5792;20170617;    3;  17.6;   6.7;    3;   0.0;   0;    3.583; 220;   7.7;   5.6;  716.94;   -1.1;   98.38;    0.3;   -3.2;-999;eor
       5792;20170618;    3;  10.2;   4.0;    3;   0.0;   0;   14.867; 215;   2.3;   4.1;  718.34;    3.8;   53.50;   10.4;   -3.9;-999;eor
       5792;20170619;    3;  14.0;   5.0;    3;   0.0;   0;    9.600; 205;   5.0;   7.2;  720.07;    7.3;   70.04;   11.1;    4.8;-999;eor
       5792;20170620;    3;  14.4;   5.1;    3;   3.9;   6;    5.450; 195;   6.3;   8.6;  719.34;    6.9;   85.88;   10.6;    5.1;-999;eor
       5792;20170621;    3;  16.2;   4.1;    3;   0.1;   6;    5.700; 185;   7.0;   8.8;  718.48;    6.8;   88.79;    9.9;    5.3;-999;eor
       5792;20170622;    3;  21.1;   5.3;    3;   1.4;   8;    7.733; 175;   6.3;   9.2;  719.06;    8.0;   86.25;   11.6;    5.7;-999;eor
       5792;20170623;    3;  26.8;   9.9;    3;   2.2;   8;    5.683; 160;   7.0;   9.0;  718.76;    7.1;   89.13;    8.6;    5.3;-999;eor
       5792;20170624;    3;  20.5;   8.4;    3;   3.3;   8;    4.050; 150;   7.0;   9.3;  717.91;    7.0;   92.67;   10.1;    4.7;-999;eor
       5792;20170625;    3;  21.0;   7.4;    3;   7.0;   8;    0.333; 145;   8.0;   6.7;  714.39;    2.8;   91.17;    6.3;    1.4;-999;eor
       5792;20170626;    3;  21.1;   5.7;    3;  11.7;   6;   10.633; 140;   3.7;   7.5;  714.32;    5.7;   81.57;   11.2;    1.6;-999;eor
       5792;20170627;    3;  27.5;   9.7;    3;   0.6;   8;    4.717; 130;   7.0;  -999;  710.78;    5.1;-999;    8.0;    2.8;-999;eor
       5792;20170628;    3;  26.3;   8.0;    3;   6.7;   8;    2.400; 125;   7.0;   7.4;  704.28;    4.2;   89.96;    6.4;    0.9;-999;eor
       5792;20170629;    3;  22.7;   8.2;    3;  16.9;   8;    1.767; 120;   7.3;   5.9;  701.34;   -0.5;   99.33;    1.9;   -2.6;-999;eor
       5792;20170630;    3;  20.1;   6.5;    3;   8.1;   7;    5.933; 120;   6.7;   5.2;  705.63;   -1.8;   97.21;    0.3;   -3.5;-999;eor
       5792;20170701;    3;  16.2;   5.2;    3;   3.0;   8;    2.850; 115;   7.7;   5.6;  709.03;   -1.2;   99.46;    0.9;   -2.5;-999;eor
       5792;20170702;    3;  15.2;   5.7;    3;  12.4;   8;    0.000; 115;   8.0;   6.0;  713.57;   -0.2;  100.00;    1.0;   -1.4;-999;eor
       5792;20170703;    3;  16.3;   5.0;    3;   5.2;   6;    1.000; 110;   8.0;   6.3;  716.76;    0.4;  100.00;    2.2;   -0.4;-999;eor
       5792;20170704;    3;  18.0;   7.3;    3;   0.0;   0;   11.100; 105;   3.3;   6.4;  717.83;    2.9;   85.38;    6.9;   -0.6;-999;eor
       5792;20170705;    3;  18.1;   5.5;    3;   0.0;   0;   13.183; 100;   3.3;   6.7;  718.83;    6.0;   71.17;    9.0;    3.9;-999;eor
       5792;20170706;    3;  15.2;   3.7;    3;   0.0;   0;   11.800;  90;   3.7;   7.6;  720.20;    7.4;   73.13;   11.1;    4.8;-999;eor
       5792;20170707;    3;  26.3;   7.3;    3;   9.2;   8;    8.733;  85;   5.0;   7.9;  719.81;    7.3;   77.88;    9.1;    4.5;-999;eor
       5792;20170708;    3;  24.7;   7.9;    3;   0.7;   6;    3.483;  80;   7.0;   8.7;  718.88;    6.3;   90.92;    8.7;    4.3;-999;eor
       5792;20170709;    3;  26.0;   8.5;    3;   4.5;   8;    4.767;  75;   6.7;   7.6;  716.38;    7.0;   76.46;   10.7;    4.5;-999;eor
       5792;20170710;    3;  23.8;   7.9;    3;  19.2;   8;    1.667;  65;   7.0;   8.2;  712.75;    5.1;   93.75;    6.8;    1.0;-999;eor
       5792;20170711;    3;  32.1;   8.4;    3;   9.3;   8;    2.067;  60;   6.7;   7.2;  713.36;    2.5;   98.58;    5.6;    0.7;-999;eor
       5792;20170712;    3;  24.7;   9.1;    3;  10.9;   6;    4.900;  55;   6.7;   7.8;  713.98;    4.3;   93.67;    7.4;    2.5;-999;eor
       5792;20170713;    3;  13.0;   5.3;    3;   1.3;   8;    3.417;  40;   8.0;   7.2;  715.24;    2.2;   99.75;    3.9;    0.8;-999;eor
       5792;20170714;    3;  26.6;   7.9;    3;  14.5;   8;    0.000;  25;   8.0;   6.1;  712.81;    0.1;   99.42;    1.8;   -1.9;-999;eor
       5792;20170715;    3;  18.2;   6.7;    3;   3.5;   7;    0.100;  15;   8.0;   5.4;  714.09;   -1.7;   99.79;   -0.9;   -2.5;-999;eor
       5792;20170716;    3;   9.9;   3.9;    3;   0.0;   0;    7.917;  15;   6.3;   5.5;  717.63;   -0.4;   92.92;    3.9;   -3.7;-999;eor
       5792;20170717;    3;   8.0;   3.3;    3;   0.0;   0;   10.700;   0;   4.3;   7.7;  719.21;    5.5;   85.08;    9.1;    2.7;-999;eor
       5792;20170718;    3;  19.5;   5.3;    3;  15.3;   8;    7.367;   0;   6.3;   7.6;  718.54;    6.4;   79.08;   10.7;    3.0;-999;eor
       5792;20170719;    3;  22.3;   6.2;    3;   1.3;   6;    9.267;   0;   2.3;   8.1;  717.15;    7.5;   79.13;   12.0;    4.3;-999;eor
       5792;20170720;    3;  18.3;   6.1;    3;  10.5;   8;    5.800;   0;   7.0;   7.7;  714.77;    5.1;   87.75;    8.0;    2.8;-999;eor
       5792;20170721;    3;  24.3;   6.7;    3;   2.5;   6;    7.683;   0;   4.3;   7.5;  714.56;    5.9;   81.38;    8.9;    3.3;-999;eor
       5792;20170722;    3;  22.9;   5.4;    3;   7.3;   6;    3.033;   0;   7.7;   8.1;  715.12;    5.1;   92.17;    8.4;    3.1;-999;eor
       5792;20170723;    3;  24.4;   5.7;    3;   3.3;   6;    2.850;   0;   6.7;   8.5;  715.11;    5.0;   96.58;    6.9;    2.4;-999;eor
       5792;20170724;    3;  21.8;   7.5;    3;  23.8;   8;    0.050;   0;   8.0;   6.5;  708.10;    0.7;   99.63;    4.6;   -2.4;-999;eor
       5792;20170725;    3;  22.0;   8.8;    3;  26.2;   7;    0.083;  10;   8.0;   5.0;  704.98;   -2.7;   99.04;   -0.7;   -3.5;-999;eor
       5792;20170726;    3;  24.5;   9.9;    3;  31.1;   7;    0.000;  30;   8.0;   5.1;  705.44;   -2.2;   98.92;   -1.1;   -3.3;-999;eor
       5792;20170727;    3;  19.3;   7.6;    3;   7.1;   8;    2.300;  43;   7.7;   6.4;  710.09;    0.5;   98.83;    3.3;   -3.3;-999;eor
       5792;20170728;    3;  24.7;   9.6;    3;   3.6;   8;    1.667;  30;   8.0;   7.2;  713.07;    2.6;   98.21;    3.8;    1.0;-999;eor
       5792;20170729;    3;  26.1;   8.5;    3;   4.6;   8;    8.717;  20;   5.3;   7.6;  717.21;    6.7;   77.13;   11.3;    3.4;-999;eor
       5792;20170730;    3;  29.3;   5.3;    3;   3.9;   8;    6.100;  10;   5.7;   7.9;  717.06;    7.5;   76.33;   11.9;    2.7;-999;eor
       5792;20170731;    3;  22.0;   9.0;    3;   0.3;   6;    8.567;   3;   6.0;   7.2;  719.39;    8.9;   63.21;   12.9;    4.3;-999;eor
       5792;20170801;    3;  26.1;  11.5;    3;   0.1;   6;   12.417;   0;   3.0;   7.1;  720.65;   11.3;   53.08;   14.9;    8.9;-999;eor
       5792;20170802;    3;  21.2;   6.8;    3;   2.5;   8;   11.617;   0;   4.0;   9.3;  721.66;    9.7;   77.04;   11.6;    6.5;-999;eor
       5792;20170803;    3;  20.0;   7.2;    3;   0.0;   0;    9.400;   0;   5.0;   9.6;  720.52;   11.3;   71.42;   14.5;    9.5;-999;eor
       5792;20170804;    3;  18.1;   6.6;    3;   0.2;   6;    6.333;   0;   6.0;  10.8;  718.41;    9.9;   88.71;   14.2;    7.3;-999;eor
       5792;20170805;    3;  17.4;   6.4;    3;   2.1;   6;    2.750;   0;   7.0;  10.7;  717.97;    8.1;   98.83;   11.4;    5.5;-999;eor
       5792;20170806;    3;  13.0;   3.8;    3;  11.4;   8;    0.033;   0;   8.0;   8.1;  717.00;    3.9;   99.67;    6.8;   -0.5;-999;eor
       5792;20170807;    3;  17.9;   4.7;    3;   0.0;   0;   14.433;   0;   1.3;   3.9;  716.15;    7.2;   39.21;   11.4;   -1.4;-999;eor
       5792;20170808;    3;  35.3;  10.1;    3;  19.5;   8;    7.117;   0;   6.0;   7.5;  714.08;    6.3;   79.08;    9.7;    0.8;-999;eor
       5792;20170809;    3;  32.0;  10.1;    3;   0.2;   6;   10.767;   0;   4.3;   8.0;  714.17;    4.9;   91.79;    8.9;    1.0;-999;eor
       5792;20170810;    3;  21.2;   9.3;    3;  17.4;   8;    5.917;   0;   7.0;   7.8;  713.26;    3.6;   98.25;    6.0;    1.3;-999;eor
       5792;20170811;    3;  12.4;   4.0;    3;  13.4;   8;    2.383;   0;   7.7;   6.1;  710.17;   -0.1;   99.75;    2.7;   -2.3;-999;eor
       5792;20170812;    3;  13.8;   6.2;    3;   1.0;   8;    0.000;   3;   7.7;   5.5;  713.28;   -1.4;   99.42;   -0.1;   -2.6;-999;eor
       5792;20170813;    3;  10.4;   4.1;    3;   0.0;   6;    5.533;   2;   6.3;   6.9;  716.81;    2.5;   94.50;    6.5;   -0.1;-999;eor
       5792;20170814;    3;  13.6;   4.2;    3;   0.0;   0;    8.950;   0;   4.7;   7.4;  718.50;    5.6;   81.13;    8.5;    2.8;-999;eor
       5792;20170815;    3;  18.7;   3.8;    3;  22.9;   8;    9.750;   0;   3.7;   7.8;  719.92;    6.8;   78.71;   10.3;    2.6;-999;eor
       5792;20170816;    3;  18.4;   5.0;    3;   0.0;   0;    3.467;   0;   6.7;   7.9;  719.40;    4.7;   93.13;    8.1;    2.8;-999;eor
       5792;20170817;    3;  12.9;   5.5;    3;   0.0;   0;    6.333;   0;   7.3;   8.5;  719.40;    6.4;   88.38;   10.1;    4.3;-999;eor
       5792;20170818;    3;  24.1;   7.5;    3;  28.3;   6;    9.083;   0;   4.7;   9.1;  717.78;    7.8;   86.88;   11.9;    3.7;-999;eor
       5792;20170819;    3;  22.9;   5.2;    3;  11.6;   8;    0.017;   0;   8.0;   6.6;  714.69;    1.0;   99.88;    3.9;   -2.6;-999;eor
       5792;20170820;    3;  11.9;   3.9;    3;   0.2;   7;    1.267;   1;   7.3;   5.2;  715.54;   -2.1;   99.04;   -0.8;   -3.6;-999;eor
       5792;20170821;    3;  13.1;   5.3;    3;   0.0;   0;    5.500;   0;   7.0;   4.8;  716.01;   -1.9;   89.92;    1.2;   -6.3;-999;eor
       5792;20170822;    3;  17.6;   7.3;    3;   0.0;   0;    1.000;   0;   8.0;   6.9;  715.79;    2.2;   95.96;    4.2;   -0.2;-999;eor
       5792;20170823;    3;  15.9;   6.6;    3;   0.0;   0;    8.267;   0;   3.0;   6.9;  716.48;    3.7;   86.17;    5.8;    1.0;-999;eor
       5792;20170824;    3;  24.0;   6.4;    3;  14.4;   8;    6.350;   0;   6.0;   8.5;  718.80;    6.4;   88.25;   10.8;    2.7;-999;eor
       5792;20170825;    3;  16.2;   5.9;    3;   0.0;   0;   12.783;   0;   2.3;   7.5;  719.75;    7.8;   71.75;   11.5;    4.1;-999;eor
       5792;20170826;    3;  16.0;   5.4;    3;   0.0;   6;    8.150;   0;   4.0;   7.9;  719.90;    8.1;   72.83;   11.8;    5.4;-999;eor
       5792;20170827;    3;  22.8;   6.3;    3;   0.3;   6;    7.200;   0;   6.7;   7.9;  719.12;    6.6;   81.54;    9.6;    4.5;-999;eor
       5792;20170828;    3;  14.1;   4.9;    3;   0.2;   6;    1.183;   0;   7.3;   8.1;  718.05;    4.9;   93.54;    6.8;    3.6;-999;eor
       5792;20170829;    3;  13.0;   4.8;    3;   0.0;   0;   13.250;   0;   1.0;   6.5;  717.40;    7.1;   64.17;   10.7;    3.9;-999;eor
       5792;20170830;    3;  17.6;   7.1;    3;   0.0;   0;   12.483;   0;   4.0;   7.8;  717.08;    9.4;   65.13;   13.3;    6.5;-999;eor
       5792;20170831;    3;  25.7;   8.0;    3;  22.9;   8;    1.833;   0;   7.7;   8.3;  715.27;    5.7;   90.67;    9.0;    1.2;-999;eor
       5792;20170901;    3;   9.9;   2.6;    3;  43.5;   7;    0.100;   1;   8.0;   6.0;  711.20;   -0.2;   99.83;    1.5;   -1.9;-999;eor
       5792;20170902;    3;  11.5;   3.9;    3;  50.1;   7;    0.000;  22;   8.0;   4.3;  707.67;   -4.2;   96.25;   -1.3;   -5.6;-999;eor
       5792;20170903;    3;  11.6;   4.2;    3;   2.5;   7;    0.867;  60;   6.7;   4.0;  708.17;   -4.9;   93.17;   -3.2;   -5.6;-999;eor
       5792;20170904;    3;  14.1;   6.3;    3;   3.1;   8;    5.700;  50;   6.0;   4.6;  711.08;   -3.0;   91.96;   -0.5;   -5.4;-999;eor
       5792;20170905;    3;  16.2;   7.3;    3;   0.5;   6;    0.917;  40;   7.7;   6.6;  715.77;    1.0;  100.00;    2.7;   -0.5;-999;eor
       5792;20170906;    3;  20.0;   7.3;    3;   9.5;   8;    0.217;  30;   8.0;   7.0;  714.52;    1.8;  100.00;    3.1;   -0.8;-999;eor
       5792;20170907;    3;  16.1;   5.7;    3;   0.0;   0;    0.733;  25;   8.0;   5.0;  711.00;   -2.2;   95.75;   -0.6;   -4.5;-999;eor
       5792;20170908;    3;  18.1;   8.4;    3;   0.0;   0;   11.817;  18;   3.0;   5.0;  708.81;    1.3;   73.21;    5.2;   -2.9;-999;eor
       5792;20170909;    3;  24.4;   9.3;    3;  12.2;   8;    1.100;  15;   7.7;   5.9;  702.66;    0.5;   93.67;    2.5;   -2.9;-999;eor
       5792;20170910;    3;  17.0;   5.4;    3;   4.0;   7;    4.183;  25;   6.7;   5.3;  702.38;   -1.7;   98.17;   -0.1;   -3.9;-999;eor
       5792;20170911;    3;  16.7;   7.3;    3;   5.7;   8;    2.950;  25;   7.0;   5.8;  702.88;   -0.5;   98.25;    2.1;   -4.5;-999;eor
       5792;20170912;    3;  21.1;   8.4;    3;   4.2;   7;    0.183;  23;   8.0;   4.1;  704.89;   -4.8;   95.50;   -4.0;   -5.7;-999;eor
       5792;20170913;    3;  35.4;  17.6;    3;   0.4;   6;    3.017;  25;   6.0;   5.3;  709.71;   -0.1;   84.08;    3.7;   -6.6;-999;eor
       5792;20170914;    3;  40.1;  15.3;    3;   7.2;   8;    4.100;  18;   4.3;   4.4;  706.70;   -1.7;   82.33;    3.8;   -7.9;-999;eor
       5792;20170915;    3;  17.2;   7.1;    3;   3.5;   7;    8.250;  20;   5.0;   3.7;  706.09;   -5.0;   88.17;   -2.8;   -8.1;-999;eor
       5792;20170916;    1;  10.4;   4.2;    3;  12.4;   7;    2.333;  25;   7.0;   4.0;  704.14;   -4.9;   93.71;   -2.2;   -6.6;-999;eor
       5792;20170917;    1;   8.1;   3.6;    1;   4.5;   7;    1.717;  40;   7.7;   3.7;  705.08;   -6.0;   93.83;   -4.1;   -6.9;-999;eor
       5792;20170918;    1;  18.3;   5.6;    1;   3.3;   7;    3.467;  43;   7.0;   3.7;  706.88;   -6.0;   94.17;   -3.6;   -7.5;-999;eor
       5792;20170919;    1;  10.0;   4.2;    1;  26.9;   7;    0.000;  39;   8.0;   3.3;  706.59;   -7.2;   93.33;   -6.6;   -8.1;-999;eor
       5792;20170920;    1;  11.0;   4.2;    1;   2.9;   7;    0.000;  55;   8.0;   3.4;  709.73;   -6.9;   94.13;   -5.8;   -8.4;-999;eor
       5792;20170921;    1;  13.6;   4.3;    1;   0.0;   0;   11.900;  50;   1.7;   3.4;  711.84;   -4.9;   80.67;   -1.8;   -7.4;-999;eor
       5792;20170922;    1;  13.4;   6.4;    1;   0.0;   0;    9.650;  45;   2.7;   4.3;  714.35;   -1.1;   75.58;    0.3;   -2.5;-999;eor
       5792;20170923;    1;  13.8;   5.3;    1;   2.4;   7;    9.417;  37;   4.7;   5.0;  714.73;   -0.3;   84.08;    2.3;   -1.9;-999;eor
       5792;20170924;    1;  12.4;   3.7;    1;   2.7;   7;    1.400;  36;   7.7;   4.8;  712.71;   -3.0;   98.25;   -0.8;   -4.3;-999;eor
       5792;20170925;    1;  14.9;   4.8;    1;   2.6;   7;    4.150;  36;   7.0;   4.6;  711.98;   -2.9;   93.42;   -0.9;   -4.5;-999;eor
       5792;20170926;    1;  10.2;   4.5;    1;   0.7;   7;    5.617;  35;   6.0;   5.0;  713.85;   -1.9;   93.50;    0.0;   -4.2;-999;eor
       5792;20170927;    1;  11.9;   4.6;    1;   0.1;   7;    3.383;  26;   6.3;   5.4;  716.51;   -0.4;   90.46;    2.5;   -2.1;-999;eor
       5792;20170928;    1;   9.1;   4.0;    1;   0.0;   0;    7.000;  24;   7.3;   5.6;  719.00;    0.5;   87.50;    3.4;   -1.1;-999;eor
       5792;20170929;    1;  10.8;   4.6;    1;   0.5;   8;    0.700;  20;   7.3;   5.9;  717.40;    0.6;   91.75;    3.0;   -0.8;-999;eor
       5792;20170930;    1;   9.2;   4.0;    1;  11.5;   8;    5.000;  18;   7.3;   6.3;  713.89;    1.3;   94.46;    4.4;   -0.9;-999;eor
       5792;20171001;    1;  10.3;   3.2;    1;   3.2;   7;    0.667;  25;   7.3;   5.3;  713.29;   -0.9;   93.13;    0.1;   -1.8;-999;eor
       5792;20171002;    1;  21.8;   8.2;    1;   3.4;   8;    5.867;  16;   5.0;   5.0;  714.59;    1.2;   72.79;    3.0;   -0.9;-999;eor
       5792;20171003;    1;  29.6;   9.8;    1;  14.0;   8;    0.917;  12;   8.0;   5.5;  712.60;   -1.6;   98.96;    2.6;   -7.4;-999;eor
       5792;20171004;    1;  24.9;  10.8;    1;   0.0;   0;    6.117;  20;   6.7;   1.9;  715.67;   -1.8;   37.38;    1.4;   -7.4;-999;eor
       5792;20171005;    1;  31.5;  12.7;    1;  19.6;   7;    9.483;  18;   3.0;   3.4;  711.39;    0.3;   55.63;    2.9;   -6.1;-999;eor
       5792;20171006;    1;  18.3;   7.2;    1;  27.5;   7;    0.233;  35;   8.0;   3.0;  706.78;   -8.6;   94.46;   -6.0;  -10.4;-999;eor
       5792;20171007;    1;  22.2;   8.1;    1;   3.1;   7;    8.433;  65;   5.3;   2.4;  710.01;   -7.6;   71.50;   -4.6;   -9.7;-999;eor
       5792;20171008;    1;  28.3;  10.1;    1;  10.2;   7;    0.000;  60;   8.0;   4.0;  708.17;   -5.2;   95.25;   -4.1;   -7.0;-999;eor
       5792;20171009;    1;  15.4;   6.4;    1;   5.2;   7;    0.233;  70;   8.0;   3.9;  709.61;   -5.4;   95.33;   -4.1;   -6.6;-999;eor
       5792;20171010;    1;  15.3;   6.8;    1;   0.2;   7;    2.133;  64;   7.3;   4.1;  711.35;   -4.5;   93.67;   -3.0;   -6.1;-999;eor
       5792;20171011;    1;  23.3;  12.1;    1;   0.0;   0;   10.517;  62;   3.0;   3.9;  714.43;   -1.3;   70.21;    0.9;   -3.6;-999;eor
       5792;20171012;    1;  24.2;  11.1;    1;   0.0;   0;    9.350;  60;   1.7;   4.4;  717.22;   -1.2;   78.04;    0.1;   -2.6;-999;eor
       5792;20171013;    1;  20.0;   8.6;    1;   0.0;   0;   10.383;  55;   4.0;   3.5;  720.26;    0.9;   52.63;    2.7;   -0.8;-999;eor
       5792;20171014;    1;   9.8;   4.3;    1;   0.0;   0;   10.917;  50;   1.0;   4.9;  722.57;    4.8;   58.04;    8.8;    1.6;-999;eor
       5792;20171015;    1;   7.9;   3.5;    1;   0.0;   0;   10.917;  45;   0.3;   3.8;  723.49;    6.6;   39.13;    8.7;    4.9;-999;eor
       5792;20171016;    1;  11.4;   5.7;    1;   0.0;   0;   10.867;  40;   0.0;   3.6;  723.00;    5.4;   40.96;    8.2;    2.8;-999;eor
