20171011;72;21.6;57027.0;2;570270111020170000
20171011;72;21.6;57027.0;2;570270111020170015
20171011;74;23;57027.0;2;570270111020170030
20171011;75;23.7;57027.0;2;570270111020170045
20171011;75;23.7;57027.0;2;570270111020170100
20171011;76;24.4;57027.0;2;570270111020170115
20171011;76;24.4;57027.0;2;570270111020170130
20171011;77;25.1;57027.0;2;570270111020170145
20171011;77;25.1;57027.0;2;570270111020170200
20171011;77;25.1;57027.0;2;570270111020170215
20171011;77;25.1;57027.0;2;570270111020170230
20171011;77;25.1;57027.0;2;570270111020170245
20171011;77;25.1;57027.0;2;570270111020170300
20171011;77;25.1;57027.0;2;570270111020170315
20171011;77;25.1;57027.0;2;570270111020170330
20171011;77;25.1;57027.0;2;570270111020170345
20171011;77;25.1;57027.0;2;570270111020170400
20171011;77;25.1;57027.0;2;570270111020170415
20171011;77;25.1;57027.0;2;570270111020170430
20171011;76;24.4;57027.0;2;570270111020170445
20171011;76;24.4;57027.0;2;570270111020170500
20171011;75;23.7;57027.0;2;570270111020170515
20171011;75;23.7;57027.0;2;570270111020170530
20171011;74;23;57027.0;2;570270111020170545
20171011;73;22.3;57027.0;2;570270111020170600
20171011;72;21.6;57027.0;2;570270111020170615
20171011;72;21.6;57027.0;2;570270111020170630
20171011;70;20.3;57027.0;2;570270111020170645
20171011;69;19.7;57027.0;2;570270111020170700
20171011;68;19.1;57027.0;2;570270111020170715
20171011;67;18.5;57027.0;2;570270111020170730
20171011;66;17.9;57027.0;2;570270111020170745
20171011;65;17.4;57027.0;2;570270111020170800
20171011;64;16.8;57027.0;2;570270111020170815
20171011;64;16.8;57027.0;2;570270111020170830
20171011;63;16.2;57027.0;2;570270111020170845
20171011;62;15.6;57027.0;2;570270111020170900
20171011;61;15;57027.0;2;570270111020170915
20171011;61;15;57027.0;2;570270111020170930
20171011;60;14.4;57027.0;2;570270111020170945
20171011;60;14.4;57027.0;2;570270111020171000
20171011;59;13.8;57027.0;2;570270111020171015
20171011;59;13.8;57027.0;2;570270111020171030
20171011;58;13.3;57027.0;2;570270111020171045
20171011;58;13.3;57027.0;2;570270111020171100
20171011;57;12.8;57027.0;2;570270111020171115
20171011;57;12.8;57027.0;2;570270111020171130
20171011;56;12.4;57027.0;2;570270111020171145
20171011;56;12.4;57027.0;2;570270111020171200
20171011;56;12.4;57027.0;2;570270111020171215
20171011;56;12.4;57027.0;2;570270111020171230
20171011;56;12.4;57027.0;2;570270111020171245
20171011;56;12.4;57027.0;2;570270111020171300
20171011;56;12.4;57027.0;2;570270111020171315
20171011;56;12.4;57027.0;2;570270111020171330
20171011;56;12.4;57027.0;2;570270111020171345
20171011;56;12.4;57027.0;2;570270111020171400
20171011;56;12.4;57027.0;2;570270111020171415
20171011;55;11.9;57027.0;2;570270111020171430
20171011;55;11.9;57027.0;2;570270111020171445
20171011;55;11.9;57027.0;2;570270111020171500
20171011;54;11.4;57027.0;2;570270111020171515
20171011;54;11.4;57027.0;2;570270111020171530
20171011;54;11.4;57027.0;2;570270111020171545
20171011;54;11.4;57027.0;2;570270111020171600
20171011;54;11.4;57027.0;2;570270111020171615
20171011;55;11.9;57027.0;2;570270111020171630
20171011;55;11.9;57027.0;2;570270111020171645
20171011;55;11.9;57027.0;2;570270111020171700
20171011;55;11.9;57027.0;2;570270111020171715
20171011;55;11.9;57027.0;2;570270111020171730
20171011;55;11.9;57027.0;2;570270111020171745
20171011;55;11.9;57027.0;2;570270111020171800
20171011;55;11.9;57027.0;2;570270111020171815
20171011;55;11.9;57027.0;2;570270111020171830
20171011;55;11.9;57027.0;2;570270111020171845
20171011;55;11.9;57027.0;2;570270111020171900
20171011;55;11.9;57027.0;2;570270111020171915
20171011;55;11.9;57027.0;2;570270111020171930
20171011;55;11.9;57027.0;2;570270111020171945
20171011;55;11.9;57027.0;2;570270111020172000
20171011;55;11.9;57027.0;2;570270111020172015
20171011;55;11.9;57027.0;2;570270111020172030
20171011;55;11.9;57027.0;2;570270111020172045
20171011;55;11.9;57027.0;2;570270111020172100
20171011;56;12.4;57027.0;2;570270111020172115
20171011;56;12.4;57027.0;2;570270111020172130
20171011;57;12.8;57027.0;2;570270111020172145
20171011;58;13.3;57027.0;2;570270111020172200
20171011;60;14.4;57027.0;2;570270111020172215
20171011;62;15.6;57027.0;2;570270111020172230
20171011;64;16.8;57027.0;2;570270111020172245
20171011;66;17.9;57027.0;2;570270111020172300
20171011;68;19.1;57027.0;2;570270111020172315
20171011;70;20.3;57027.0;2;570270111020172330
20171011;72;21.6;57027.0;2;570270111020172345
20171012;73;22.3;57027.0;2;570270121020170000
20171012;74;23;57027.0;2;570270121020170015
20171012;75;23.7;57027.0;2;570270121020170030
20171012;76;24.4;57027.0;2;570270121020170045
20171012;77;25.1;57027.0;2;570270121020170100
20171012;78;25.8;57027.0;2;570270121020170115
20171012;78;25.8;57027.0;2;570270121020170130
20171012;78;25.8;57027.0;2;570270121020170145
20171012;78;25.8;57027.0;2;570270121020170200
20171012;77;25.1;57027.0;2;570270121020170215
20171012;77;25.1;57027.0;2;570270121020170230
20171012;77;25.1;57027.0;2;570270121020170245
20171012;77;25.1;57027.0;2;570270121020170300
20171012;77;25.1;57027.0;2;570270121020170315
20171012;77;25.1;57027.0;2;570270121020170330
20171012;76;24.4;57027.0;2;570270121020170345
20171012;76;24.4;57027.0;2;570270121020170400
20171012;76;24.4;57027.0;2;570270121020170415
20171012;76;24.4;57027.0;2;570270121020170430
20171012;75;23.7;57027.0;2;570270121020170445
20171012;75;23.7;57027.0;2;570270121020170500
20171012;74;23;57027.0;2;570270121020170515
20171012;74;23;57027.0;2;570270121020170530
20171012;73;22.3;57027.0;2;570270121020170545
20171012;72;21.6;57027.0;2;570270121020170600
20171012;72;21.6;57027.0;2;570270121020170615
20171012;72;21.6;57027.0;2;570270121020170630
20171012;72;21.6;57027.0;2;570270121020170645
20171012;72;21.6;57027.0;2;570270121020170700
20171012;70;20.3;57027.0;2;570270121020170715
20171012;69;19.7;57027.0;2;570270121020170730
20171012;68;19.1;57027.0;2;570270121020170745
20171012;67;18.5;57027.0;2;570270121020170800
20171012;65;17.4;57027.0;2;570270121020170815
20171012;64;16.8;57027.0;2;570270121020170830
20171012;62;15.6;57027.0;2;570270121020170845
20171012;60;14.4;57027.0;2;570270121020170900
20171012;58;13.3;57027.0;2;570270121020170915
20171012;56;12.4;57027.0;2;570270121020170930
20171012;55;11.9;57027.0;2;570270121020170945
20171012;53;10.9;57027.0;2;570270121020171000
20171012;52;10.5;57027.0;2;570270121020171015
20171012;51;10;57027.0;2;570270121020171030
20171012;50;9.61;57027.0;2;570270121020171045
20171012;51;10;57027.0;2;570270121020171100
20171012;52;10.5;57027.0;2;570270121020171115
20171012;53;10.9;57027.0;2;570270121020171130
20171012;53;10.9;57027.0;2;570270121020171145
20171012;54;11.4;57027.0;2;570270121020171200
20171012;54;11.4;57027.0;2;570270121020171215
20171012;54;11.4;57027.0;2;570270121020171230
20171012;54;11.4;57027.0;2;570270121020171245
20171012;54;11.4;57027.0;2;570270121020171300
20171012;54;11.4;57027.0;2;570270121020171315
20171012;54;11.4;57027.0;2;570270121020171330
20171012;54;11.4;57027.0;2;570270121020171345
20171012;54;11.4;57027.0;2;570270121020171400
20171012;54;11.4;57027.0;2;570270121020171415
20171012;54;11.4;57027.0;2;570270121020171430
20171012;54;11.4;57027.0;2;570270121020171445
20171012;54;11.4;57027.0;2;570270121020171500
20171012;54;11.4;57027.0;2;570270121020171515
20171012;54;11.4;57027.0;2;570270121020171530
20171012;54;11.4;57027.0;2;570270121020171545
20171012;54;11.4;57027.0;2;570270121020171600
20171012;54;11.4;57027.0;2;570270121020171615
20171012;54;11.4;57027.0;2;570270121020171630
20171012;54;11.4;57027.0;2;570270121020171645
20171012;54;11.4;57027.0;2;570270121020171700
20171012;54;11.4;57027.0;2;570270121020171715
20171012;54;11.4;57027.0;2;570270121020171730
20171012;54;11.4;57027.0;2;570270121020171745
20171012;54;11.4;57027.0;2;570270121020171800
20171012;54;11.4;57027.0;2;570270121020171815
20171012;54;11.4;57027.0;2;570270121020171830
20171012;54;11.4;57027.0;2;570270121020171845
20171012;54;11.4;57027.0;2;570270121020171900
20171012;54;11.4;57027.0;2;570270121020171915
20171012;54;11.4;57027.0;2;570270121020171930
20171012;54;11.4;57027.0;2;570270121020171945
20171012;54;11.4;57027.0;2;570270121020172000
20171012;54;11.4;57027.0;2;570270121020172015
20171012;54;11.4;57027.0;2;570270121020172030
20171012;54;11.4;57027.0;2;570270121020172045
20171012;54;11.4;57027.0;2;570270121020172100
20171012;55;11.9;57027.0;2;570270121020172115
20171012;56;12.4;57027.0;2;570270121020172130
20171012;56;12.4;57027.0;2;570270121020172145
20171012;57;12.8;57027.0;2;570270121020172200
20171012;59;13.8;57027.0;2;570270121020172215
20171012;61;15;57027.0;2;570270121020172230
20171012;63;16.2;57027.0;2;570270121020172245
20171012;65;17.4;57027.0;2;570270121020172300
20171012;67;18.5;57027.0;2;570270121020172315
20171012;69;19.7;57027.0;2;570270121020172330
20171012;71;20.9;57027.0;2;570270121020172345
20171013;72;21.6;57027.0;2;570270131020170000
20171013;73;22.3;57027.0;2;570270131020170015
20171013;75;23.7;57027.0;2;570270131020170030
20171013;76;24.4;57027.0;2;570270131020170045
20171013;76;24.4;57027.0;2;570270131020170100
20171013;77;25.1;57027.0;2;570270131020170115
20171013;77;25.1;57027.0;2;570270131020170130
20171013;77;25.1;57027.0;2;570270131020170145
20171013;77;25.1;57027.0;2;570270131020170200
20171013;77;25.1;57027.0;2;570270131020170215
20171013;76;24.4;57027.0;2;570270131020170230
20171013;76;24.4;57027.0;2;570270131020170245
20171013;76;24.4;57027.0;2;570270131020170300
20171013;76;24.4;57027.0;2;570270131020170315
20171013;76;24.4;57027.0;2;570270131020170330
20171013;76;24.4;57027.0;2;570270131020170345
20171013;76;24.4;57027.0;2;570270131020170400
20171013;76;24.4;57027.0;2;570270131020170415
20171013;76;24.4;57027.0;2;570270131020170430
20171013;75;23.7;57027.0;2;570270131020170445
20171013;74;23;57027.0;2;570270131020170500
20171013;73;22.3;57027.0;2;570270131020170515
20171013;73;22.3;57027.0;2;570270131020170530
20171013;72;21.6;57027.0;2;570270131020170545
20171013;71;20.9;57027.0;2;570270131020170600
20171013;70;20.3;57027.0;2;570270131020170615
20171013;69;19.7;57027.0;2;570270131020170630
20171013;69;19.7;57027.0;2;570270131020170645
20171013;69;19.7;57027.0;2;570270131020170700
20171013;68;19.1;57027.0;2;570270131020170715
20171013;68;19.1;57027.0;2;570270131020170730
20171013;67;18.5;57027.0;2;570270131020170745
20171013;66;17.9;57027.0;2;570270131020170800
20171013;64;16.8;57027.0;2;570270131020170815
20171013;63;16.2;57027.0;2;570270131020170830
20171013;62;15.6;57027.0;2;570270131020170845
20171013;60;14.4;57027.0;2;570270131020170900
20171013;59;13.8;57027.0;2;570270131020170915
20171013;57;12.8;57027.0;2;570270131020170930
20171013;55;11.9;57027.0;2;570270131020170945
20171013;54;11.4;57027.0;2;570270131020171000
20171013;53;10.9;57027.0;2;570270131020171015
20171013;52;10.5;57027.0;2;570270131020171030
20171013;51;10;57027.0;2;570270131020171045
20171013;51;10;57027.0;2;570270131020171100
20171013;51;10;57027.0;2;570270131020171115
20171013;52;10.5;57027.0;2;570270131020171130
20171013;53;10.9;57027.0;2;570270131020171145
20171013;53;10.9;57027.0;2;570270131020171200
20171013;53;10.9;57027.0;2;570270131020171215
20171013;53;10.9;57027.0;2;570270131020171230
20171013;54;11.4;57027.0;2;570270131020171245
20171013;54;11.4;57027.0;2;570270131020171300
20171013;54;11.4;57027.0;2;570270131020171315
20171013;54;11.4;57027.0;2;570270131020171330
20171013;54;11.4;57027.0;2;570270131020171345
20171013;54;11.4;57027.0;2;570270131020171400
20171013;54;11.4;57027.0;2;570270131020171415
20171013;54;11.4;57027.0;2;570270131020171430
20171013;54;11.4;57027.0;2;570270131020171445
20171013;54;11.4;57027.0;2;570270131020171500
20171013;54;11.4;57027.0;2;570270131020171515
20171013;54;11.4;57027.0;2;570270131020171530
20171013;54;11.4;57027.0;2;570270131020171545
20171013;54;11.4;57027.0;2;570270131020171600
20171013;54;11.4;57027.0;2;570270131020171615
20171013;54;11.4;57027.0;2;570270131020171630
20171013;54;11.4;57027.0;2;570270131020171645
20171013;54;11.4;57027.0;2;570270131020171700
20171013;54;11.4;57027.0;2;570270131020171715
20171013;53;10.9;57027.0;2;570270131020171730
20171013;53;10.9;57027.0;2;570270131020171745
20171013;53;10.9;57027.0;2;570270131020171800
20171013;53;10.9;57027.0;2;570270131020171815
20171013;53;10.9;57027.0;2;570270131020171830
20171013;53;10.9;57027.0;2;570270131020171845
20171013;53;10.9;57027.0;2;570270131020171900
20171013;53;10.9;57027.0;2;570270131020171915
20171013;53;10.9;57027.0;2;570270131020171930
20171013;53;10.9;57027.0;2;570270131020171945
20171013;53;10.9;57027.0;2;570270131020172000
20171013;53;10.9;57027.0;2;570270131020172015
20171013;53;10.9;57027.0;2;570270131020172030
20171013;53;10.9;57027.0;2;570270131020172045
20171013;53;10.9;57027.0;2;570270131020172100
20171013;54;11.4;57027.0;2;570270131020172115
20171013;54;11.4;57027.0;2;570270131020172130
20171013;55;11.9;57027.0;2;570270131020172145
20171013;56;12.4;57027.0;2;570270131020172200
20171013;57;12.8;57027.0;2;570270131020172215
20171013;58;13.3;57027.0;2;570270131020172230
20171013;59;13.8;57027.0;2;570270131020172245
20171013;61;15;57027.0;2;570270131020172300
20171013;62;15.6;57027.0;2;570270131020172315
20171013;64;16.8;57027.0;2;570270131020172330
20171013;67;18.5;57027.0;2;570270131020172345
20171014;69;19.7;57027.0;2;570270141020170000
20171014;71;20.9;57027.0;2;570270141020170015
20171014;72;21.6;57027.0;2;570270141020170030
20171014;73;22.3;57027.0;2;570270141020170045
20171014;74;23;57027.0;2;570270141020170100
20171014;75;23.7;57027.0;2;570270141020170115
20171014;75;23.7;57027.0;2;570270141020170130
20171014;76;24.4;57027.0;2;570270141020170145
20171014;76;24.4;57027.0;2;570270141020170200
20171014;76;24.4;57027.0;2;570270141020170215
20171014;76;24.4;57027.0;2;570270141020170230
20171014;76;24.4;57027.0;2;570270141020170245
20171014;75;23.7;57027.0;2;570270141020170300
20171014;75;23.7;57027.0;2;570270141020170315
20171014;75;23.7;57027.0;2;570270141020170330
20171014;75;23.7;57027.0;2;570270141020170345
20171014;75;23.7;57027.0;2;570270141020170400
20171014;75;23.7;57027.0;2;570270141020170415
20171014;75;23.7;57027.0;2;570270141020170430
20171014;75;23.7;57027.0;2;570270141020170445
20171014;75;23.7;57027.0;2;570270141020170500
20171014;75;23.7;57027.0;2;570270141020170515
20171014;75;23.7;57027.0;2;570270141020170530
20171014;75;23.7;57027.0;2;570270141020170545
20171014;75;23.7;57027.0;2;570270141020170600
20171014;75;23.7;57027.0;2;570270141020170615
20171014;75;23.7;57027.0;2;570270141020170630
20171014;75;23.7;57027.0;2;570270141020170645
20171014;75;23.7;57027.0;2;570270141020170700
20171014;75;23.7;57027.0;2;570270141020170715
20171014;75;23.7;57027.0;2;570270141020170730
20171014;75;23.7;57027.0;2;570270141020170745
20171014;75;23.7;57027.0;2;570270141020170800
20171014;75;23.7;57027.0;2;570270141020170815
20171014;75;23.7;57027.0;2;570270141020170830
20171014;75;23.7;57027.0;2;570270141020170845
20171014;75;23.7;57027.0;2;570270141020170900
20171014;75;23.7;57027.0;2;570270141020170915
20171014;75;23.7;57027.0;2;570270141020170930
20171014;75;23.7;57027.0;2;570270141020170945
20171014;75;23.7;57027.0;2;570270141020171000
20171014;75;23.7;57027.0;2;570270141020171015
20171014;75;23.7;57027.0;2;570270141020171030
20171014;75;23.7;57027.0;2;570270141020171045
20171014;75;23.7;57027.0;2;570270141020171100
20171014;75;23.7;57027.0;2;570270141020171115
20171014;75;23.7;57027.0;2;570270141020171130
20171014;75;23.7;57027.0;2;570270141020171145
20171014;75;23.7;57027.0;2;570270141020171200
20171014;75;23.7;57027.0;2;570270141020171215
20171014;74;23;57027.0;2;570270141020171230
20171014;73;22.3;57027.0;2;570270141020171245
20171014;73;22.3;57027.0;2;570270141020171300
20171014;73;22.3;57027.0;2;570270141020171315
20171014;72;21.6;57027.0;2;570270141020171330
20171014;72;21.6;57027.0;2;570270141020171345
20171014;72;21.6;57027.0;2;570270141020171400
20171014;72;21.6;57027.0;2;570270141020171415
20171014;72;21.6;57027.0;2;570270141020171430
20171014;72;21.6;57027.0;2;570270141020171445
20171014;73;22.3;57027.0;2;570270141020171500
20171014;80;27.2;57027.0;2;570270141020171515
20171014;84;30;57027.0;2;570270141020171530
20171014;82;28.6;57027.0;2;570270141020171545
20171014;79;26.5;57027.0;2;570270141020171600
20171014;77;25.1;57027.0;2;570270141020171615
20171014;76;24.4;57027.0;2;570270141020171630
20171014;76;24.4;57027.0;2;570270141020171645
20171014;76;24.4;57027.0;2;570270141020171700
20171014;75;23.7;57027.0;2;570270141020171715
20171014;75;23.7;57027.0;2;570270141020171730
20171014;75;23.7;57027.0;2;570270141020171745
20171014;75;23.7;57027.0;2;570270141020171800
20171014;75;23.7;57027.0;2;570270141020171815
20171014;75;23.7;57027.0;2;570270141020171830
20171014;75;23.7;57027.0;2;570270141020171845
20171014;75;23.7;57027.0;2;570270141020171900
20171014;75;23.7;57027.0;2;570270141020171915
20171014;75;23.7;57027.0;2;570270141020171930
20171014;75;23.7;57027.0;2;570270141020171945
20171014;75;23.7;57027.0;2;570270141020172000
20171014;75;23.7;57027.0;2;570270141020172015
20171014;75;23.7;57027.0;2;570270141020172030
20171014;75;23.7;57027.0;2;570270141020172045
20171014;75;23.7;57027.0;2;570270141020172100
20171014;75;23.7;57027.0;2;570270141020172115
20171014;75;23.7;57027.0;2;570270141020172130
20171014;75;23.7;57027.0;2;570270141020172145
20171014;75;23.7;57027.0;2;570270141020172200
20171014;75;23.7;57027.0;2;570270141020172215
20171014;75;23.7;57027.0;2;570270141020172230
20171014;75;23.7;57027.0;2;570270141020172245
20171014;75;23.7;57027.0;2;570270141020172300
20171014;76;24.4;57027.0;2;570270141020172315
20171014;76;24.4;57027.0;2;570270141020172330
20171014;76;24.4;57027.0;2;570270141020172345
20171015;76;24.4;57027.0;2;570270151020170000
20171015;76;24.4;57027.0;2;570270151020170015
20171015;76;24.4;57027.0;2;570270151020170030
20171015;76;24.4;57027.0;2;570270151020170045
20171015;76;24.4;57027.0;2;570270151020170100
20171015;76;24.4;57027.0;2;570270151020170115
20171015;76;24.4;57027.0;2;570270151020170130
20171015;76;24.4;57027.0;2;570270151020170145
20171015;76;24.4;57027.0;2;570270151020170200
20171015;76;24.4;57027.0;2;570270151020170215
20171015;76;24.4;57027.0;2;570270151020170230
20171015;76;24.4;57027.0;2;570270151020170245
20171015;76;24.4;57027.0;2;570270151020170300
20171015;76;24.4;57027.0;2;570270151020170315
20171015;76;24.4;57027.0;2;570270151020170330
20171015;76;24.4;57027.0;2;570270151020170345
20171015;75;23.7;57027.0;2;570270151020170400
20171015;75;23.7;57027.0;2;570270151020170415
20171015;75;23.7;57027.0;2;570270151020170430
20171015;75;23.7;57027.0;2;570270151020170445
20171015;75;23.7;57027.0;2;570270151020170500
20171015;75;23.7;57027.0;2;570270151020170515
20171015;75;23.7;57027.0;2;570270151020170530
20171015;75;23.7;57027.0;2;570270151020170545
20171015;75;23.7;57027.0;2;570270151020170600
20171015;75;23.7;57027.0;2;570270151020170615
20171015;75;23.7;57027.0;2;570270151020170630
20171015;75;23.7;57027.0;2;570270151020170645
20171015;75;23.7;57027.0;2;570270151020170700
20171015;75;23.7;57027.0;2;570270151020170715
20171015;75;23.7;57027.0;2;570270151020170730
20171015;75;23.7;57027.0;2;570270151020170745
20171015;75;23.7;57027.0;2;570270151020170800
20171015;75;23.7;57027.0;2;570270151020170815
20171015;75;23.7;57027.0;2;570270151020170830
20171015;75;23.7;57027.0;2;570270151020170845
20171015;75;23.7;57027.0;2;570270151020170900
20171015;75;23.7;57027.0;2;570270151020170915
20171015;75;23.7;57027.0;2;570270151020170930
20171015;75;23.7;57027.0;2;570270151020170945
20171015;74;23;57027.0;2;570270151020171000
20171015;74;23;57027.0;2;570270151020171015
20171015;74;23;57027.0;2;570270151020171030
20171015;74;23;57027.0;2;570270151020171045
20171015;74;23;57027.0;2;570270151020171100
20171015;74;23;57027.0;2;570270151020171115
20171015;74;23;57027.0;2;570270151020171130
20171015;74;23;57027.0;2;570270151020171145
20171015;73;22.3;57027.0;2;570270151020171200
20171015;73;22.3;57027.0;2;570270151020171215
20171015;73;22.3;57027.0;2;570270151020171230
20171015;74;23;57027.0;2;570270151020171245
20171015;74;23;57027.0;2;570270151020171300
20171015;75;23.7;57027.0;2;570270151020171315
20171015;75;23.7;57027.0;2;570270151020171330
20171015;75;23.7;57027.0;2;570270151020171345
20171015;75;23.7;57027.0;2;570270151020171400
20171015;75;23.7;57027.0;2;570270151020171415
20171015;75;23.7;57027.0;2;570270151020171430
20171015;75;23.7;57027.0;2;570270151020171445
20171015;75;23.7;57027.0;2;570270151020171500
20171015;75;23.7;57027.0;2;570270151020171515
20171015;75;23.7;57027.0;2;570270151020171530
20171015;75;23.7;57027.0;2;570270151020171545
20171015;75;23.7;57027.0;2;570270151020171600
20171015;75;23.7;57027.0;2;570270151020171615
20171015;74;23;57027.0;2;570270151020171630
20171015;74;23;57027.0;2;570270151020171645
20171015;74;23;57027.0;2;570270151020171700
20171015;74;23;57027.0;2;570270151020171715
20171015;74;23;57027.0;2;570270151020171730
20171015;74;23;57027.0;2;570270151020171745
20171015;74;23;57027.0;2;570270151020171800
20171015;74;23;57027.0;2;570270151020171815
20171015;74;23;57027.0;2;570270151020171830
20171015;74;23;57027.0;2;570270151020171845
20171015;74;23;57027.0;2;570270151020171900
20171015;74;23;57027.0;2;570270151020171915
20171015;74;23;57027.0;2;570270151020171930
20171015;74;23;57027.0;2;570270151020171945
20171015;74;23;57027.0;2;570270151020172000
20171015;73;22.3;57027.0;2;570270151020172015
20171015;74;23;57027.0;2;570270151020172030
20171015;74;23;57027.0;2;570270151020172045
20171015;74;23;57027.0;2;570270151020172100
20171015;74;23;57027.0;2;570270151020172115
20171015;74;23;57027.0;2;570270151020172130
20171015;74;23;57027.0;2;570270151020172145
20171015;74;23;57027.0;2;570270151020172200
20171015;73;22.3;57027.0;2;570270151020172215
20171015;73;22.3;57027.0;2;570270151020172230
20171015;74;23;57027.0;2;570270151020172245
20171015;74;23;57027.0;2;570270151020172300
20171015;74;23;57027.0;2;570270151020172315
20171015;74;23;57027.0;2;570270151020172330
20171015;74;23;57027.0;2;570270151020172345
20171016;75;23.7;57027.0;2;570270161020170000
20171016;75;23.7;57027.0;2;570270161020170015
20171016;75;23.7;57027.0;2;570270161020170030
20171016;75;23.7;57027.0;2;570270161020170045
20171016;76;24.4;57027.0;2;570270161020170100
20171016;76;24.4;57027.0;2;570270161020170115
20171016;76;24.4;57027.0;2;570270161020170130
20171016;76;24.4;57027.0;2;570270161020170145
20171016;76;24.4;57027.0;2;570270161020170200
20171016;76;24.4;57027.0;2;570270161020170215
20171016;75;23.7;57027.0;2;570270161020170230
20171016;75;23.7;57027.0;2;570270161020170245
20171016;75;23.7;57027.0;2;570270161020170300
20171016;75;23.7;57027.0;2;570270161020170315
20171016;75;23.7;57027.0;2;570270161020170330
20171016;75;23.7;57027.0;2;570270161020170345
20171016;75;23.7;57027.0;2;570270161020170400
20171016;74;23;57027.0;2;570270161020170415
20171016;73;22.3;57027.0;2;570270161020170430
20171016;72;21.6;57027.0;2;570270161020170445
20171016;72;21.6;57027.0;2;570270161020170500
20171016;71;20.9;57027.0;2;570270161020170515
20171016;70;20.3;57027.0;2;570270161020170530
20171016;70;20.3;57027.0;2;570270161020170545
20171016;69;19.7;57027.0;2;570270161020170600
20171016;68;19.1;57027.0;2;570270161020170615
20171016;67;18.5;57027.0;2;570270161020170630
20171016;66;17.9;57027.0;2;570270161020170645
20171016;65;17.4;57027.0;2;570270161020170700
20171016;65;17.4;57027.0;2;570270161020170715
20171016;64;16.8;57027.0;2;570270161020170730
20171016;64;16.8;57027.0;2;570270161020170745
20171016;63;16.2;57027.0;2;570270161020170800
20171016;63;16.2;57027.0;2;570270161020170815
20171016;62;15.6;57027.0;2;570270161020170830
20171016;60;14.4;57027.0;2;570270161020170845
20171016;59;13.8;57027.0;2;570270161020170900
20171016;58;13.3;57027.0;2;570270161020170915
20171016;57;12.8;57027.0;2;570270161020170930
20171016;57;12.8;57027.0;2;570270161020170945
20171016;56;12.4;57027.0;2;570270161020171000
20171016;56;12.4;57027.0;2;570270161020171015
20171016;56;12.4;57027.0;2;570270161020171030
20171016;56;12.4;57027.0;2;570270161020171045
20171016;55;11.9;57027.0;2;570270161020171100
20171016;55;11.9;57027.0;2;570270161020171115
20171016;54;11.4;57027.0;2;570270161020171130
20171016;54;11.4;57027.0;2;570270161020171145
20171016;54;11.4;57027.0;2;570270161020171200
20171016;53;10.9;57027.0;2;570270161020171215
20171016;53;10.9;57027.0;2;570270161020171230
20171016;53;10.9;57027.0;2;570270161020171245
20171016;52;10.5;57027.0;2;570270161020171300
20171016;51;10;57027.0;2;570270161020171315
20171016;51;10;57027.0;2;570270161020171330
20171016;51;10;57027.0;2;570270161020171345
20171016;51;10;57027.0;2;570270161020171400
20171016;51;10;57027.0;2;570270161020171415
20171016;51;10;57027.0;2;570270161020171430
20171016;51;10;57027.0;2;570270161020171445
20171016;51;10;57027.0;2;570270161020171500
20171016;49;9.18;57027.0;2;570270161020171515
20171016;48;8.76;57027.0;2;570270161020171530
20171016;50;9.61;57027.0;2;570270161020171545
20171016;50;9.61;57027.0;2;570270161020171600
20171016;51;10;57027.0;2;570270161020171615
20171016;51;10;57027.0;2;570270161020171630
20171016;51;10;57027.0;2;570270161020171645
20171016;51;10;57027.0;2;570270161020171700
20171016;52;10.5;57027.0;2;570270161020171715
20171016;52;10.5;57027.0;2;570270161020171730
20171016;52;10.5;57027.0;2;570270161020171745
20171016;52;10.5;57027.0;2;570270161020171800
20171016;52;10.5;57027.0;2;570270161020171815
20171016;52;10.5;57027.0;2;570270161020171830
20171016;52;10.5;57027.0;2;570270161020171845
20171016;52;10.5;57027.0;2;570270161020171900
20171016;52;10.5;57027.0;2;570270161020171915
20171016;52;10.5;57027.0;2;570270161020171930
20171016;52;10.5;57027.0;2;570270161020171945
20171016;52;10.5;57027.0;2;570270161020172000
20171016;52;10.5;57027.0;2;570270161020172015
20171016;53;10.9;57027.0;2;570270161020172030
20171016;53;10.9;57027.0;2;570270161020172045
20171016;53;10.9;57027.0;2;570270161020172100
20171016;53;10.9;57027.0;2;570270161020172115
20171016;54;11.4;57027.0;2;570270161020172130
20171016;54;11.4;57027.0;2;570270161020172145
20171016;55;11.9;57027.0;2;570270161020172200
20171016;56;12.4;57027.0;2;570270161020172215
20171016;56;12.4;57027.0;2;570270161020172230
20171016;57;12.8;57027.0;2;570270161020172245
20171016;59;13.8;57027.0;2;570270161020172300
20171016;61;15;57027.0;2;570270161020172315
20171016;63;16.2;57027.0;2;570270161020172330
20171016;66;17.9;57027.0;2;570270161020172345
20171017;68;19.1;57027.0;2;570270171020170000
20171017;70;20.3;57027.0;2;570270171020170015
20171017;72;21.6;57027.0;2;570270171020170030
20171017;73;22.3;57027.0;2;570270171020170045
20171017;73;22.3;57027.0;2;570270171020170100
20171017;74;23;57027.0;2;570270171020170115
20171017;74;23;57027.0;2;570270171020170130
20171017;74;23;57027.0;2;570270171020170145
20171017;74;23;57027.0;2;570270171020170200
20171017;74;23;57027.0;2;570270171020170215
20171017;74;23;57027.0;2;570270171020170230
20171017;74;23;57027.0;2;570270171020170245
20171017;74;23;57027.0;2;570270171020170300
20171017;74;23;57027.0;2;570270171020170315
20171017;74;23;57027.0;2;570270171020170330
20171017;73;22.3;57027.0;2;570270171020170345
20171017;73;22.3;57027.0;2;570270171020170400
20171017;73;22.3;57027.0;2;570270171020170415
20171017;72;21.6;57027.0;2;570270171020170430
20171017;72;21.6;57027.0;2;570270171020170445
20171017;71;20.9;57027.0;2;570270171020170500
20171017;70;20.3;57027.0;2;570270171020170515
20171017;69;19.7;57027.0;2;570270171020170530
20171017;69;19.7;57027.0;2;570270171020170545
20171017;68;19.1;57027.0;2;570270171020170600
20171017;67;18.5;57027.0;2;570270171020170615
20171017;66;17.9;57027.0;2;570270171020170630
20171017;65;17.4;57027.0;2;570270171020170645
20171017;65;17.4;57027.0;2;570270171020170700
20171017;64;16.8;57027.0;2;570270171020170715
20171017;63;16.2;57027.0;2;570270171020170730
20171017;62;15.6;57027.0;2;570270171020170745
20171017;57;12.8;57027.0;2;570270171020170800
20171017;56;12.4;57027.0;2;570270171020170815
20171017;63;16.2;57027.0;2;570270171020170830
20171017;68;19.1;57027.0;2;570270171020170845
20171017;66;17.9;57027.0;2;570270171020170900
20171017;63;16.2;57027.0;2;570270171020170915
20171017;61;15;57027.0;2;570270171020170930
20171017;59;13.8;57027.0;2;570270171020170945
20171017;58;13.3;57027.0;2;570270171020171000
20171017;57;12.8;57027.0;2;570270171020171015
20171017;57;12.8;57027.0;2;570270171020171030
20171017;56;12.4;57027.0;2;570270171020171045
20171017;54;11.4;57027.0;2;570270171020171100
20171017;54;11.4;57027.0;2;570270171020171115
20171017;53;10.9;57027.0;2;570270171020171130
20171017;50;9.61;57027.0;2;570270171020171145
20171017;47;8.33;57027.0;2;570270171020171200
20171017;43;6.83;57027.0;2;570270171020171215
20171017;40;5.74;57027.0;2;570270171020171230
20171017;41;6.09;57027.0;2;570270171020171245
20171017;51;10;57027.0;2;570270171020171300
20171017;53;10.9;57027.0;2;570270171020171315
20171017;52;10.5;57027.0;2;570270171020171330
20171017;52;10.5;57027.0;2;570270171020171345
20171017;51;10;57027.0;2;570270171020171400
20171017;51;10;57027.0;2;570270171020171415
20171017;51;10;57027.0;2;570270171020171430
20171017;51;10;57027.0;2;570270171020171445
20171017;51;10;57027.0;2;570270171020171500
20171017;51;10;57027.0;2;570270171020171515
20171017;51;10;57027.0;2;570270171020171530
20171017;51;10;57027.0;2;570270171020171545
20171017;51;10;57027.0;2;570270171020171600
20171017;51;10;57027.0;2;570270171020171615
20171017;51;10;57027.0;2;570270171020171630
20171017;51;10;57027.0;2;570270171020171645
20171017;51;10;57027.0;2;570270171020171700
20171017;51;10;57027.0;2;570270171020171715
20171017;51;10;57027.0;2;570270171020171730
20171017;51;10;57027.0;2;570270171020171745
20171017;51;10;57027.0;2;570270171020171800
20171017;51;10;57027.0;2;570270171020171815
20171017;51;10;57027.0;2;570270171020171830
20171017;51;10;57027.0;2;570270171020171845
20171017;51;10;57027.0;2;570270171020171900
20171017;51;10;57027.0;2;570270171020171915
20171017;51;10;57027.0;2;570270171020171930
20171017;51;10;57027.0;2;570270171020171945
20171017;51;10;57027.0;2;570270171020172000
20171017;51;10;57027.0;2;570270171020172015
20171017;51;10;57027.0;2;570270171020172030
20171017;51;10;57027.0;2;570270171020172045
20171017;51;10;57027.0;2;570270171020172100
20171017;52;10.5;57027.0;2;570270171020172115
20171017;52;10.5;57027.0;2;570270171020172130
20171017;53;10.9;57027.0;2;570270171020172145
20171017;53;10.9;57027.0;2;570270171020172200
20171017;55;11.9;57027.0;2;570270171020172215
20171017;56;12.4;57027.0;2;570270171020172230
20171017;58;13.3;57027.0;2;570270171020172245
20171017;59;13.8;57027.0;2;570270171020172300
20171017;61;15;57027.0;2;570270171020172315
20171017;64;16.8;57027.0;2;570270171020172330
20171017;67;18.5;57027.0;2;570270171020172345
20171018;69;19.7;57027.0;2;570270181020170000
20171018;70;20.3;57027.0;2;570270181020170015
20171018;72;21.6;57027.0;2;570270181020170030
20171018;72;21.6;57027.0;2;570270181020170045
20171018;73;22.3;57027.0;2;570270181020170100
20171018;73;22.3;57027.0;2;570270181020170115
20171018;73;22.3;57027.0;2;570270181020170130
20171018;73;22.3;57027.0;2;570270181020170145
20171018;73;22.3;57027.0;2;570270181020170200
20171018;73;22.3;57027.0;2;570270181020170215
20171018;73;22.3;57027.0;2;570270181020170230
20171018;73;22.3;57027.0;2;570270181020170245
20171018;73;22.3;57027.0;2;570270181020170300
20171018;73;22.3;57027.0;2;570270181020170315
20171018;73;22.3;57027.0;2;570270181020170330
20171018;73;22.3;57027.0;2;570270181020170345
20171018;73;22.3;57027.0;2;570270181020170400
20171018;72;21.6;57027.0;2;570270181020170415
20171018;72;21.6;57027.0;2;570270181020170430
20171018;72;21.6;57027.0;2;570270181020170445
20171018;71;20.9;57027.0;2;570270181020170500
20171018;70;20.3;57027.0;2;570270181020170515
20171018;69;19.7;57027.0;2;570270181020170530
20171018;68;19.1;57027.0;2;570270181020170545
20171018;67;18.5;57027.0;2;570270181020170600
20171018;66;17.9;57027.0;2;570270181020170615
20171018;66;17.9;57027.0;2;570270181020170630
20171018;65;17.4;57027.0;2;570270181020170645
20171018;64;16.8;57027.0;2;570270181020170700
20171018;63;16.2;57027.0;2;570270181020170715
20171018;62;15.6;57027.0;2;570270181020170730
20171018;61;15;57027.0;2;570270181020170745
20171018;60;14.4;57027.0;2;570270181020170800
20171018;59;13.8;57027.0;2;570270181020170815
20171018;58;13.3;57027.0;2;570270181020170830
20171018;58;13.3;57027.0;2;570270181020170845
20171018;57;12.8;57027.0;2;570270181020170900
20171018;57;12.8;57027.0;2;570270181020170915
20171018;56;12.4;57027.0;2;570270181020170930
20171018;56;12.4;57027.0;2;570270181020170945
20171018;55;11.9;57027.0;2;570270181020171000
20171018;55;11.9;57027.0;2;570270181020171015
20171018;54;11.4;57027.0;2;570270181020171030
20171018;53;10.9;57027.0;2;570270181020171045
20171018;52;10.5;57027.0;2;570270181020171100
20171018;52;10.5;57027.0;2;570270181020171115
20171018;52;10.5;57027.0;2;570270181020171130
20171018;51;10;57027.0;2;570270181020171145
20171018;51;10;57027.0;2;570270181020171200
20171018;51;10;57027.0;2;570270181020171215
20171018;51;10;57027.0;2;570270181020171230
20171018;51;10;57027.0;2;570270181020171245
20171018;51;10;57027.0;2;570270181020171300
20171018;51;10;57027.0;2;570270181020171315
20171018;51;10;57027.0;2;570270181020171330
20171018;51;10;57027.0;2;570270181020171345
20171018;51;10;57027.0;2;570270181020171400
