20171011;38;2.3;57521.0;2;575210111020170000
20171011;38;2.3;57521.0;2;575210111020170015
20171011;38;2.3;57521.0;2;575210111020170030
20171011;38;2.3;57521.0;2;575210111020170045
20171011;38;2.3;57521.0;2;575210111020170100
20171011;38;2.3;57521.0;2;575210111020170115
20171011;38;2.3;57521.0;2;575210111020170130
20171011;38;2.3;57521.0;2;575210111020170145
20171011;38;2.3;57521.0;2;575210111020170200
20171011;38;2.3;57521.0;2;575210111020170215
20171011;38;2.3;57521.0;2;575210111020170230
20171011;38;2.3;57521.0;2;575210111020170245
20171011;38;2.3;57521.0;2;575210111020170300
20171011;38;2.3;57521.0;2;575210111020170315
20171011;38;2.3;57521.0;2;575210111020170330
20171011;38;2.3;57521.0;2;575210111020170345
20171011;38;2.3;57521.0;2;575210111020170400
20171011;38;2.3;57521.0;2;575210111020170415
20171011;38;2.3;57521.0;2;575210111020170430
20171011;38;2.3;57521.0;2;575210111020170445
20171011;38;2.3;57521.0;2;575210111020170500
20171011;38;2.3;57521.0;2;575210111020170515
20171011;38;2.3;57521.0;2;575210111020170530
20171011;37;2.15;57521.0;2;575210111020170545
20171011;37;2.15;57521.0;2;575210111020170600
20171011;37;2.15;57521.0;2;575210111020170615
20171011;37;2.15;57521.0;2;575210111020170630
20171011;37;2.15;57521.0;2;575210111020170645
20171011;37;2.15;57521.0;2;575210111020170700
20171011;37;2.15;57521.0;2;575210111020170715
20171011;37;2.15;57521.0;2;575210111020170730
20171011;37;2.15;57521.0;2;575210111020170745
20171011;37;2.15;57521.0;2;575210111020170800
20171011;37;2.15;57521.0;2;575210111020170815
20171011;37;2.15;57521.0;2;575210111020170830
20171011;37;2.15;57521.0;2;575210111020170845
20171011;37;2.15;57521.0;2;575210111020170900
20171011;37;2.15;57521.0;2;575210111020170915
20171011;37;2.15;57521.0;2;575210111020170930
20171011;37;2.15;57521.0;2;575210111020170945
20171011;37;2.15;57521.0;2;575210111020171000
20171011;37;2.15;57521.0;2;575210111020171015
20171011;37;2.15;57521.0;2;575210111020171030
20171011;37;2.15;57521.0;2;575210111020171045
20171011;36;2.01;57521.0;2;575210111020171100
20171011;36;2.01;57521.0;2;575210111020171115
20171011;36;2.01;57521.0;2;575210111020171130
20171011;36;2.01;57521.0;2;575210111020171145
20171011;36;2.01;57521.0;2;575210111020171200
20171011;36;2.01;57521.0;2;575210111020171215
20171011;36;2.01;57521.0;2;575210111020171230
20171011;36;2.01;57521.0;2;575210111020171245
20171011;36;2.01;57521.0;2;575210111020171300
20171011;36;2.01;57521.0;2;575210111020171315
20171011;36;2.01;57521.0;2;575210111020171330
20171011;36;2.01;57521.0;2;575210111020171345
20171011;36;2.01;57521.0;2;575210111020171400
20171011;36;2.01;57521.0;2;575210111020171415
20171011;36;2.01;57521.0;2;575210111020171430
20171011;36;2.01;57521.0;2;575210111020171445
20171011;36;2.01;57521.0;2;575210111020171500
20171011;36;2.01;57521.0;2;575210111020171515
20171011;36;2.01;57521.0;2;575210111020171530
20171011;36;2.01;57521.0;2;575210111020171545
20171011;36;2.01;57521.0;2;575210111020171600
20171011;36;2.01;57521.0;2;575210111020171615
20171011;36;2.01;57521.0;2;575210111020171630
20171011;36;2.01;57521.0;2;575210111020171645
20171011;36;2.01;57521.0;2;575210111020171700
20171011;36;2.01;57521.0;2;575210111020171715
20171011;36;2.01;57521.0;2;575210111020171730
20171011;36;2.01;57521.0;2;575210111020171745
20171011;36;2.01;57521.0;2;575210111020171800
20171011;36;2.01;57521.0;2;575210111020171815
20171011;36;2.01;57521.0;2;575210111020171830
20171011;36;2.01;57521.0;2;575210111020171845
20171011;36;2.01;57521.0;2;575210111020171900
20171011;36;2.01;57521.0;2;575210111020171915
20171011;36;2.01;57521.0;2;575210111020171930
20171011;35;1.87;57521.0;2;575210111020171945
20171011;35;1.87;57521.0;2;575210111020172000
20171011;35;1.87;57521.0;2;575210111020172015
20171011;35;1.87;57521.0;2;575210111020172030
20171011;35;1.87;57521.0;2;575210111020172045
20171011;35;1.87;57521.0;2;575210111020172100
20171011;35;1.87;57521.0;2;575210111020172115
20171011;35;1.87;57521.0;2;575210111020172130
20171011;35;1.87;57521.0;2;575210111020172145
20171011;35;1.87;57521.0;2;575210111020172200
20171011;35;1.87;57521.0;2;575210111020172215
20171011;35;1.87;57521.0;2;575210111020172230
20171011;35;1.87;57521.0;2;575210111020172245
20171011;35;1.87;57521.0;2;575210111020172300
20171011;35;1.87;57521.0;2;575210111020172315
20171011;35;1.87;57521.0;2;575210111020172330
20171011;35;1.87;57521.0;2;575210111020172345
20171012;35;1.87;57521.0;2;575210121020170000
20171012;35;1.87;57521.0;2;575210121020170015
20171012;35;1.87;57521.0;2;575210121020170030
20171012;35;1.87;57521.0;2;575210121020170045
20171012;35;1.87;57521.0;2;575210121020170100
20171012;35;1.87;57521.0;2;575210121020170115
20171012;35;1.87;57521.0;2;575210121020170130
20171012;35;1.87;57521.0;2;575210121020170145
20171012;35;1.87;57521.0;2;575210121020170200
20171012;35;1.87;57521.0;2;575210121020170215
20171012;35;1.87;57521.0;2;575210121020170230
20171012;35;1.87;57521.0;2;575210121020170245
20171012;35;1.87;57521.0;2;575210121020170300
20171012;35;1.87;57521.0;2;575210121020170315
20171012;35;1.87;57521.0;2;575210121020170330
20171012;35;1.87;57521.0;2;575210121020170345
20171012;35;1.87;57521.0;2;575210121020170400
20171012;35;1.87;57521.0;2;575210121020170415
20171012;35;1.87;57521.0;2;575210121020170430
20171012;35;1.87;57521.0;2;575210121020170445
20171012;35;1.87;57521.0;2;575210121020170500
20171012;35;1.87;57521.0;2;575210121020170515
20171012;35;1.87;57521.0;2;575210121020170530
20171012;34;1.73;57521.0;2;575210121020170545
20171012;34;1.73;57521.0;2;575210121020170600
20171012;34;1.73;57521.0;2;575210121020170615
20171012;34;1.73;57521.0;2;575210121020170630
20171012;34;1.73;57521.0;2;575210121020170645
20171012;34;1.73;57521.0;2;575210121020170700
20171012;34;1.73;57521.0;2;575210121020170715
20171012;34;1.73;57521.0;2;575210121020170730
20171012;34;1.73;57521.0;2;575210121020170745
20171012;34;1.73;57521.0;2;575210121020170800
20171012;34;1.73;57521.0;2;575210121020170815
20171012;34;1.73;57521.0;2;575210121020170830
20171012;34;1.73;57521.0;2;575210121020170845
20171012;34;1.73;57521.0;2;575210121020170900
20171012;34;1.73;57521.0;2;575210121020170915
20171012;34;1.73;57521.0;2;575210121020170930
20171012;34;1.73;57521.0;2;575210121020170945
20171012;34;1.73;57521.0;2;575210121020171000
20171012;34;1.73;57521.0;2;575210121020171015
20171012;34;1.73;57521.0;2;575210121020171030
20171012;34;1.73;57521.0;2;575210121020171045
20171012;34;1.73;57521.0;2;575210121020171100
20171012;34;1.73;57521.0;2;575210121020171115
20171012;34;1.73;57521.0;2;575210121020171130
20171012;34;1.73;57521.0;2;575210121020171145
20171012;34;1.73;57521.0;2;575210121020171200
20171012;34;1.73;57521.0;2;575210121020171215
20171012;34;1.73;57521.0;2;575210121020171230
20171012;34;1.73;57521.0;2;575210121020171245
20171012;34;1.73;57521.0;2;575210121020171300
20171012;34;1.73;57521.0;2;575210121020171315
20171012;34;1.73;57521.0;2;575210121020171330
20171012;34;1.73;57521.0;2;575210121020171345
20171012;34;1.73;57521.0;2;575210121020171400
20171012;34;1.73;57521.0;2;575210121020171415
20171012;34;1.73;57521.0;2;575210121020171430
20171012;34;1.73;57521.0;2;575210121020171445
20171012;34;1.73;57521.0;2;575210121020171500
20171012;34;1.73;57521.0;2;575210121020171515
20171012;34;1.73;57521.0;2;575210121020171530
20171012;34;1.73;57521.0;2;575210121020171545
20171012;34;1.73;57521.0;2;575210121020171600
20171012;34;1.73;57521.0;2;575210121020171615
20171012;34;1.73;57521.0;2;575210121020171630
20171012;34;1.73;57521.0;2;575210121020171645
20171012;34;1.73;57521.0;2;575210121020171700
20171012;34;1.73;57521.0;2;575210121020171715
20171012;34;1.73;57521.0;2;575210121020171730
20171012;34;1.73;57521.0;2;575210121020171745
20171012;34;1.73;57521.0;2;575210121020171800
20171012;34;1.73;57521.0;2;575210121020171815
20171012;34;1.73;57521.0;2;575210121020171830
20171012;34;1.73;57521.0;2;575210121020171845
20171012;34;1.73;57521.0;2;575210121020171900
20171012;34;1.73;57521.0;2;575210121020171915
20171012;34;1.73;57521.0;2;575210121020171930
20171012;34;1.73;57521.0;2;575210121020171945
20171012;34;1.73;57521.0;2;575210121020172000
20171012;34;1.73;57521.0;2;575210121020172015
20171012;34;1.73;57521.0;2;575210121020172030
20171012;34;1.73;57521.0;2;575210121020172045
20171012;34;1.73;57521.0;2;575210121020172100
20171012;34;1.73;57521.0;2;575210121020172115
20171012;34;1.73;57521.0;2;575210121020172130
20171012;34;1.73;57521.0;2;575210121020172145
20171012;34;1.73;57521.0;2;575210121020172200
20171012;34;1.73;57521.0;2;575210121020172215
20171012;34;1.73;57521.0;2;575210121020172230
20171012;34;1.73;57521.0;2;575210121020172245
20171012;34;1.73;57521.0;2;575210121020172300
20171012;34;1.73;57521.0;2;575210121020172315
20171012;34;1.73;57521.0;2;575210121020172330
20171012;34;1.73;57521.0;2;575210121020172345
20171013;34;1.73;57521.0;2;575210131020170000
20171013;34;1.73;57521.0;2;575210131020170015
20171013;34;1.73;57521.0;2;575210131020170030
20171013;34;1.73;57521.0;2;575210131020170045
20171013;34;1.73;57521.0;2;575210131020170100
20171013;33;1.6;57521.0;2;575210131020170115
20171013;33;1.6;57521.0;2;575210131020170130
20171013;33;1.6;57521.0;2;575210131020170145
20171013;33;1.6;57521.0;2;575210131020170200
20171013;33;1.6;57521.0;2;575210131020170215
20171013;33;1.6;57521.0;2;575210131020170230
20171013;33;1.6;57521.0;2;575210131020170245
20171013;33;1.6;57521.0;2;575210131020170300
20171013;33;1.6;57521.0;2;575210131020170315
20171013;33;1.6;57521.0;2;575210131020170330
20171013;33;1.6;57521.0;2;575210131020170345
20171013;33;1.6;57521.0;2;575210131020170400
20171013;33;1.6;57521.0;2;575210131020170415
20171013;33;1.6;57521.0;2;575210131020170430
20171013;33;1.6;57521.0;2;575210131020170445
20171013;33;1.6;57521.0;2;575210131020170500
20171013;33;1.6;57521.0;2;575210131020170515
20171013;33;1.6;57521.0;2;575210131020170530
20171013;33;1.6;57521.0;2;575210131020170545
20171013;33;1.6;57521.0;2;575210131020170600
20171013;33;1.6;57521.0;2;575210131020170615
20171013;33;1.6;57521.0;2;575210131020170630
20171013;33;1.6;57521.0;2;575210131020170645
20171013;33;1.6;57521.0;2;575210131020170700
20171013;33;1.6;57521.0;2;575210131020170715
20171013;33;1.6;57521.0;2;575210131020170730
20171013;33;1.6;57521.0;2;575210131020170745
20171013;33;1.6;57521.0;2;575210131020170800
20171013;33;1.6;57521.0;2;575210131020170815
20171013;33;1.6;57521.0;2;575210131020170830
20171013;33;1.6;57521.0;2;575210131020170845
20171013;33;1.6;57521.0;2;575210131020170900
20171013;33;1.6;57521.0;2;575210131020170915
20171013;33;1.6;57521.0;2;575210131020170930
20171013;33;1.6;57521.0;2;575210131020170945
20171013;33;1.6;57521.0;2;575210131020171000
20171013;33;1.6;57521.0;2;575210131020171015
20171013;33;1.6;57521.0;2;575210131020171030
20171013;33;1.6;57521.0;2;575210131020171045
20171013;33;1.6;57521.0;2;575210131020171100
20171013;33;1.6;57521.0;2;575210131020171115
20171013;33;1.6;57521.0;2;575210131020171130
20171013;33;1.6;57521.0;2;575210131020171145
20171013;33;1.6;57521.0;2;575210131020171200
20171013;33;1.6;57521.0;2;575210131020171215
20171013;33;1.6;57521.0;2;575210131020171230
20171013;33;1.6;57521.0;2;575210131020171245
20171013;33;1.6;57521.0;2;575210131020171300
20171013;33;1.6;57521.0;2;575210131020171315
20171013;33;1.6;57521.0;2;575210131020171330
20171013;33;1.6;57521.0;2;575210131020171345
20171013;33;1.6;57521.0;2;575210131020171400
20171013;33;1.6;57521.0;2;575210131020171415
20171013;33;1.6;57521.0;2;575210131020171430
20171013;33;1.6;57521.0;2;575210131020171445
20171013;33;1.6;57521.0;2;575210131020171500
20171013;33;1.6;57521.0;2;575210131020171515
20171013;33;1.6;57521.0;2;575210131020171530
20171013;33;1.6;57521.0;2;575210131020171545
20171013;33;1.6;57521.0;2;575210131020171600
20171013;33;1.6;57521.0;2;575210131020171615
20171013;33;1.6;57521.0;2;575210131020171630
20171013;33;1.6;57521.0;2;575210131020171645
20171013;33;1.6;57521.0;2;575210131020171700
20171013;33;1.6;57521.0;2;575210131020171715
20171013;33;1.6;57521.0;2;575210131020171730
20171013;33;1.6;57521.0;2;575210131020171745
20171013;33;1.6;57521.0;2;575210131020171800
20171013;33;1.6;57521.0;2;575210131020171815
20171013;33;1.6;57521.0;2;575210131020171830
20171013;33;1.6;57521.0;2;575210131020171845
20171013;33;1.6;57521.0;2;575210131020171900
20171013;33;1.6;57521.0;2;575210131020171915
20171013;32;1.47;57521.0;2;575210131020171930
20171013;32;1.47;57521.0;2;575210131020171945
20171013;32;1.47;57521.0;2;575210131020172000
20171013;32;1.47;57521.0;2;575210131020172015
20171013;32;1.47;57521.0;2;575210131020172030
20171013;32;1.47;57521.0;2;575210131020172045
20171013;32;1.47;57521.0;2;575210131020172100
20171013;32;1.47;57521.0;2;575210131020172115
20171013;32;1.47;57521.0;2;575210131020172130
20171013;32;1.47;57521.0;2;575210131020172145
20171013;32;1.47;57521.0;2;575210131020172200
20171013;32;1.47;57521.0;2;575210131020172215
20171013;32;1.47;57521.0;2;575210131020172230
20171013;32;1.47;57521.0;2;575210131020172245
20171013;32;1.47;57521.0;2;575210131020172300
20171013;32;1.47;57521.0;2;575210131020172315
20171013;32;1.47;57521.0;2;575210131020172330
20171013;32;1.47;57521.0;2;575210131020172345
20171014;32;1.47;57521.0;2;575210141020170000
20171014;32;1.47;57521.0;2;575210141020170015
20171014;32;1.47;57521.0;2;575210141020170030
20171014;32;1.47;57521.0;2;575210141020170045
20171014;32;1.47;57521.0;2;575210141020170100
20171014;32;1.47;57521.0;2;575210141020170115
20171014;32;1.47;57521.0;2;575210141020170130
20171014;32;1.47;57521.0;2;575210141020170145
20171014;32;1.47;57521.0;2;575210141020170200
20171014;32;1.47;57521.0;2;575210141020170215
20171014;32;1.47;57521.0;2;575210141020170230
20171014;32;1.47;57521.0;2;575210141020170245
20171014;32;1.47;57521.0;2;575210141020170300
20171014;31;1.35;57521.0;2;575210141020170315
20171014;31;1.35;57521.0;2;575210141020170330
20171014;31;1.35;57521.0;2;575210141020170345
20171014;31;1.35;57521.0;2;575210141020170400
20171014;31;1.35;57521.0;2;575210141020170415
20171014;31;1.35;57521.0;2;575210141020170430
20171014;31;1.35;57521.0;2;575210141020170445
20171014;31;1.35;57521.0;2;575210141020170500
20171014;31;1.35;57521.0;2;575210141020170515
20171014;31;1.35;57521.0;2;575210141020170530
20171014;31;1.35;57521.0;2;575210141020170545
20171014;31;1.35;57521.0;2;575210141020170600
20171014;31;1.35;57521.0;2;575210141020170615
20171014;31;1.35;57521.0;2;575210141020170630
20171014;31;1.35;57521.0;2;575210141020170645
20171014;31;1.35;57521.0;2;575210141020170700
20171014;31;1.35;57521.0;2;575210141020170715
20171014;31;1.35;57521.0;2;575210141020170730
20171014;31;1.35;57521.0;2;575210141020170745
20171014;31;1.35;57521.0;2;575210141020170800
20171014;31;1.35;57521.0;2;575210141020170815
20171014;31;1.35;57521.0;2;575210141020170830
20171014;31;1.35;57521.0;2;575210141020170845
20171014;31;1.35;57521.0;2;575210141020170900
20171014;31;1.35;57521.0;2;575210141020170915
20171014;31;1.35;57521.0;2;575210141020170930
20171014;31;1.35;57521.0;2;575210141020170945
20171014;31;1.35;57521.0;2;575210141020171000
20171014;31;1.35;57521.0;2;575210141020171015
20171014;31;1.35;57521.0;2;575210141020171030
20171014;31;1.35;57521.0;2;575210141020171045
20171014;31;1.35;57521.0;2;575210141020171100
20171014;31;1.35;57521.0;2;575210141020171115
20171014;31;1.35;57521.0;2;575210141020171130
20171014;31;1.35;57521.0;2;575210141020171145
20171014;31;1.35;57521.0;2;575210141020171200
20171014;31;1.35;57521.0;2;575210141020171215
20171014;31;1.35;57521.0;2;575210141020171230
20171014;31;1.35;57521.0;2;575210141020171245
20171014;31;1.35;57521.0;2;575210141020171300
20171014;31;1.35;57521.0;2;575210141020171315
20171014;31;1.35;57521.0;2;575210141020171330
20171014;31;1.35;57521.0;2;575210141020171345
20171014;31;1.35;57521.0;2;575210141020171400
20171014;31;1.35;57521.0;2;575210141020171415
20171014;31;1.35;57521.0;2;575210141020171430
20171014;31;1.35;57521.0;2;575210141020171445
20171014;31;1.35;57521.0;2;575210141020171500
20171014;31;1.35;57521.0;2;575210141020171515
20171014;31;1.35;57521.0;2;575210141020171530
20171014;31;1.35;57521.0;2;575210141020171545
20171014;31;1.35;57521.0;2;575210141020171600
20171014;31;1.35;57521.0;2;575210141020171615
20171014;31;1.35;57521.0;2;575210141020171630
20171014;31;1.35;57521.0;2;575210141020171645
20171014;31;1.35;57521.0;2;575210141020171700
20171014;31;1.35;57521.0;2;575210141020171715
20171014;31;1.35;57521.0;2;575210141020171730
20171014;31;1.35;57521.0;2;575210141020171745
20171014;31;1.35;57521.0;2;575210141020171800
20171014;31;1.35;57521.0;2;575210141020171815
20171014;31;1.35;57521.0;2;575210141020171830
20171014;31;1.35;57521.0;2;575210141020171845
20171014;31;1.35;57521.0;2;575210141020171900
20171014;31;1.35;57521.0;2;575210141020171915
20171014;31;1.35;57521.0;2;575210141020171930
20171014;31;1.35;57521.0;2;575210141020171945
20171014;31;1.35;57521.0;2;575210141020172000
20171014;31;1.35;57521.0;2;575210141020172015
20171014;31;1.35;57521.0;2;575210141020172030
20171014;31;1.35;57521.0;2;575210141020172045
20171014;31;1.35;57521.0;2;575210141020172100
20171014;31;1.35;57521.0;2;575210141020172115
20171014;31;1.35;57521.0;2;575210141020172130
20171014;31;1.35;57521.0;2;575210141020172145
20171014;31;1.35;57521.0;2;575210141020172200
20171014;31;1.35;57521.0;2;575210141020172215
20171014;31;1.35;57521.0;2;575210141020172230
20171014;31;1.35;57521.0;2;575210141020172245
20171014;31;1.35;57521.0;2;575210141020172300
20171014;31;1.35;57521.0;2;575210141020172315
20171014;31;1.35;57521.0;2;575210141020172330
20171014;31;1.35;57521.0;2;575210141020172345
20171015;31;1.35;57521.0;2;575210151020170000
20171015;31;1.35;57521.0;2;575210151020170015
20171015;31;1.35;57521.0;2;575210151020170030
20171015;31;1.35;57521.0;2;575210151020170045
20171015;31;1.35;57521.0;2;575210151020170100
20171015;30;1.24;57521.0;2;575210151020170115
20171015;30;1.24;57521.0;2;575210151020170130
20171015;30;1.24;57521.0;2;575210151020170145
20171015;30;1.24;57521.0;2;575210151020170200
20171015;30;1.24;57521.0;2;575210151020170215
20171015;30;1.24;57521.0;2;575210151020170230
20171015;30;1.24;57521.0;2;575210151020170245
20171015;30;1.24;57521.0;2;575210151020170300
20171015;30;1.24;57521.0;2;575210151020170315
20171015;30;1.24;57521.0;2;575210151020170330
20171015;30;1.24;57521.0;2;575210151020170345
20171015;30;1.24;57521.0;2;575210151020170400
20171015;30;1.24;57521.0;2;575210151020170415
20171015;30;1.24;57521.0;2;575210151020170430
20171015;30;1.24;57521.0;2;575210151020170445
20171015;30;1.24;57521.0;2;575210151020170500
20171015;30;1.24;57521.0;2;575210151020170515
20171015;30;1.24;57521.0;2;575210151020170530
20171015;30;1.24;57521.0;2;575210151020170545
20171015;30;1.24;57521.0;2;575210151020170600
20171015;30;1.24;57521.0;2;575210151020170615
20171015;30;1.24;57521.0;2;575210151020170630
20171015;30;1.24;57521.0;2;575210151020170645
20171015;30;1.24;57521.0;2;575210151020170700
20171015;30;1.24;57521.0;2;575210151020170715
20171015;30;1.24;57521.0;2;575210151020170730
20171015;30;1.24;57521.0;2;575210151020170745
20171015;30;1.24;57521.0;2;575210151020170800
20171015;30;1.24;57521.0;2;575210151020170815
20171015;30;1.24;57521.0;2;575210151020170830
20171015;30;1.24;57521.0;2;575210151020170845
20171015;30;1.24;57521.0;2;575210151020170900
20171015;30;1.24;57521.0;2;575210151020170915
20171015;30;1.24;57521.0;2;575210151020170930
20171015;30;1.24;57521.0;2;575210151020170945
20171015;30;1.24;57521.0;2;575210151020171000
20171015;30;1.24;57521.0;2;575210151020171015
20171015;30;1.24;57521.0;2;575210151020171030
20171015;30;1.24;57521.0;2;575210151020171045
20171015;30;1.24;57521.0;2;575210151020171100
20171015;30;1.24;57521.0;2;575210151020171115
20171015;30;1.24;57521.0;2;575210151020171130
20171015;29;1.13;57521.0;2;575210151020171145
20171015;29;1.13;57521.0;2;575210151020171200
20171015;29;1.13;57521.0;2;575210151020171215
20171015;29;1.13;57521.0;2;575210151020171230
20171015;29;1.13;57521.0;2;575210151020171245
20171015;29;1.13;57521.0;2;575210151020171300
20171015;29;1.13;57521.0;2;575210151020171315
20171015;29;1.13;57521.0;2;575210151020171330
20171015;29;1.13;57521.0;2;575210151020171345
20171015;29;1.13;57521.0;2;575210151020171400
20171015;29;1.13;57521.0;2;575210151020171415
20171015;29;1.13;57521.0;2;575210151020171430
20171015;29;1.13;57521.0;2;575210151020171445
20171015;29;1.13;57521.0;2;575210151020171500
20171015;29;1.13;57521.0;2;575210151020171515
20171015;29;1.13;57521.0;2;575210151020171530
20171015;29;1.13;57521.0;2;575210151020171545
20171015;29;1.13;57521.0;2;575210151020171600
20171015;29;1.13;57521.0;2;575210151020171615
20171015;29;1.13;57521.0;2;575210151020171630
20171015;29;1.13;57521.0;2;575210151020171645
20171015;29;1.13;57521.0;2;575210151020171700
20171015;29;1.13;57521.0;2;575210151020171715
20171015;29;1.13;57521.0;2;575210151020171730
20171015;29;1.13;57521.0;2;575210151020171745
20171015;29;1.13;57521.0;2;575210151020171800
20171015;29;1.13;57521.0;2;575210151020171815
20171015;29;1.13;57521.0;2;575210151020171830
20171015;29;1.13;57521.0;2;575210151020171845
20171015;29;1.13;57521.0;2;575210151020171900
20171015;29;1.13;57521.0;2;575210151020171915
20171015;29;1.13;57521.0;2;575210151020171930
20171015;29;1.13;57521.0;2;575210151020171945
20171015;29;1.13;57521.0;2;575210151020172000
20171015;29;1.13;57521.0;2;575210151020172015
20171015;29;1.13;57521.0;2;575210151020172030
20171015;29;1.13;57521.0;2;575210151020172045
20171015;29;1.13;57521.0;2;575210151020172100
20171015;29;1.13;57521.0;2;575210151020172115
20171015;29;1.13;57521.0;2;575210151020172130
20171015;29;1.13;57521.0;2;575210151020172145
20171015;29;1.13;57521.0;2;575210151020172200
20171015;29;1.13;57521.0;2;575210151020172215
20171015;29;1.13;57521.0;2;575210151020172230
20171015;29;1.13;57521.0;2;575210151020172245
20171015;29;1.13;57521.0;2;575210151020172300
20171015;29;1.13;57521.0;2;575210151020172315
20171015;29;1.13;57521.0;2;575210151020172330
20171015;29;1.13;57521.0;2;575210151020172345
20171016;29;1.13;57521.0;2;575210161020170000
20171016;29;1.13;57521.0;2;575210161020170015
20171016;29;1.13;57521.0;2;575210161020170030
20171016;29;1.13;57521.0;2;575210161020170045
20171016;29;1.13;57521.0;2;575210161020170100
20171016;29;1.13;57521.0;2;575210161020170115
20171016;29;1.13;57521.0;2;575210161020170130
20171016;29;1.13;57521.0;2;575210161020170145
20171016;29;1.13;57521.0;2;575210161020170200
20171016;29;1.13;57521.0;2;575210161020170215
20171016;29;1.13;57521.0;2;575210161020170230
20171016;29;1.13;57521.0;2;575210161020170245
20171016;29;1.13;57521.0;2;575210161020170300
20171016;29;1.13;57521.0;2;575210161020170315
20171016;29;1.13;57521.0;2;575210161020170330
20171016;29;1.13;57521.0;2;575210161020170345
20171016;29;1.13;57521.0;2;575210161020170400
20171016;29;1.13;57521.0;2;575210161020170415
20171016;29;1.13;57521.0;2;575210161020170430
20171016;29;1.13;57521.0;2;575210161020170445
20171016;29;1.13;57521.0;2;575210161020170500
20171016;29;1.13;57521.0;2;575210161020170515
20171016;29;1.13;57521.0;2;575210161020170530
20171016;29;1.13;57521.0;2;575210161020170545
20171016;29;1.13;57521.0;2;575210161020170600
20171016;29;1.13;57521.0;2;575210161020170615
20171016;29;1.13;57521.0;2;575210161020170630
20171016;29;1.13;57521.0;2;575210161020170645
20171016;29;1.13;57521.0;2;575210161020170700
20171016;29;1.13;57521.0;2;575210161020170715
20171016;29;1.13;57521.0;2;575210161020170730
20171016;29;1.13;57521.0;2;575210161020170745
20171016;29;1.13;57521.0;2;575210161020170800
20171016;29;1.13;57521.0;2;575210161020170815
20171016;29;1.13;57521.0;2;575210161020170830
20171016;29;1.13;57521.0;2;575210161020170845
20171016;29;1.13;57521.0;2;575210161020170900
20171016;29;1.13;57521.0;2;575210161020170915
20171016;29;1.13;57521.0;2;575210161020170930
20171016;29;1.13;57521.0;2;575210161020170945
20171016;29;1.13;57521.0;2;575210161020171000
20171016;29;1.13;57521.0;2;575210161020171015
20171016;29;1.13;57521.0;2;575210161020171030
20171016;29;1.13;57521.0;2;575210161020171045
20171016;29;1.13;57521.0;2;575210161020171100
20171016;29;1.13;57521.0;2;575210161020171115
20171016;29;1.13;57521.0;2;575210161020171130
20171016;29;1.13;57521.0;2;575210161020171145
20171016;29;1.13;57521.0;2;575210161020171200
20171016;29;1.13;57521.0;2;575210161020171215
20171016;29;1.13;57521.0;2;575210161020171230
20171016;29;1.13;57521.0;2;575210161020171245
20171016;29;1.13;57521.0;2;575210161020171300
20171016;29;1.13;57521.0;2;575210161020171315
20171016;29;1.13;57521.0;2;575210161020171330
20171016;29;1.13;57521.0;2;575210161020171345
20171016;29;1.13;57521.0;2;575210161020171400
20171016;29;1.13;57521.0;2;575210161020171415
20171016;29;1.13;57521.0;2;575210161020171430
20171016;29;1.13;57521.0;2;575210161020171445
20171016;29;1.13;57521.0;2;575210161020171500
20171016;29;1.13;57521.0;2;575210161020171515
20171016;29;1.13;57521.0;2;575210161020171530
20171016;29;1.13;57521.0;2;575210161020171545
20171016;29;1.13;57521.0;2;575210161020171600
20171016;29;1.13;57521.0;2;575210161020171615
20171016;29;1.13;57521.0;2;575210161020171630
20171016;29;1.13;57521.0;2;575210161020171645
20171016;29;1.13;57521.0;2;575210161020171700
20171016;29;1.13;57521.0;2;575210161020171715
20171016;29;1.13;57521.0;2;575210161020171730
20171016;29;1.13;57521.0;2;575210161020171745
20171016;29;1.13;57521.0;2;575210161020171800
20171016;29;1.13;57521.0;2;575210161020171815
20171016;29;1.13;57521.0;2;575210161020171830
20171016;29;1.13;57521.0;2;575210161020171845
20171016;29;1.13;57521.0;2;575210161020171900
20171016;29;1.13;57521.0;2;575210161020171915
20171016;29;1.13;57521.0;2;575210161020171930
20171016;29;1.13;57521.0;2;575210161020171945
20171016;29;1.13;57521.0;2;575210161020172000
20171016;29;1.13;57521.0;2;575210161020172015
20171016;29;1.13;57521.0;2;575210161020172030
20171016;29;1.13;57521.0;2;575210161020172045
20171016;29;1.13;57521.0;2;575210161020172100
20171016;29;1.13;57521.0;2;575210161020172115
20171016;29;1.13;57521.0;2;575210161020172130
20171016;29;1.13;57521.0;2;575210161020172145
20171016;29;1.13;57521.0;2;575210161020172200
20171016;29;1.13;57521.0;2;575210161020172215
20171016;29;1.13;57521.0;2;575210161020172230
20171016;29;1.13;57521.0;2;575210161020172245
20171016;29;1.13;57521.0;2;575210161020172300
20171016;29;1.13;57521.0;2;575210161020172315
20171016;29;1.13;57521.0;2;575210161020172330
20171016;29;1.13;57521.0;2;575210161020172345
20171017;29;1.13;57521.0;2;575210171020170000
20171017;29;1.13;57521.0;2;575210171020170015
20171017;29;1.13;57521.0;2;575210171020170030
20171017;29;1.13;57521.0;2;575210171020170045
20171017;29;1.13;57521.0;2;575210171020170100
20171017;29;1.13;57521.0;2;575210171020170115
20171017;29;1.13;57521.0;2;575210171020170130
20171017;29;1.13;57521.0;2;575210171020170145
20171017;29;1.13;57521.0;2;575210171020170200
20171017;29;1.13;57521.0;2;575210171020170215
20171017;29;1.13;57521.0;2;575210171020170230
20171017;29;1.13;57521.0;2;575210171020170245
20171017;29;1.13;57521.0;2;575210171020170300
20171017;29;1.13;57521.0;2;575210171020170315
20171017;29;1.13;57521.0;2;575210171020170330
20171017;29;1.13;57521.0;2;575210171020170345
20171017;29;1.13;57521.0;2;575210171020170400
20171017;29;1.13;57521.0;2;575210171020170415
20171017;29;1.13;57521.0;2;575210171020170430
20171017;29;1.13;57521.0;2;575210171020170445
20171017;29;1.13;57521.0;2;575210171020170500
20171017;29;1.13;57521.0;2;575210171020170515
20171017;29;1.13;57521.0;2;575210171020170530
20171017;29;1.13;57521.0;2;575210171020170545
20171017;29;1.13;57521.0;2;575210171020170600
20171017;29;1.13;57521.0;2;575210171020170615
20171017;29;1.13;57521.0;2;575210171020170630
20171017;29;1.13;57521.0;2;575210171020170645
20171017;29;1.13;57521.0;2;575210171020170700
20171017;29;1.13;57521.0;2;575210171020170715
20171017;29;1.13;57521.0;2;575210171020170730
20171017;29;1.13;57521.0;2;575210171020170745
20171017;29;1.13;57521.0;2;575210171020170800
20171017;29;1.13;57521.0;2;575210171020170815
20171017;29;1.13;57521.0;2;575210171020170830
20171017;29;1.13;57521.0;2;575210171020170845
20171017;29;1.13;57521.0;2;575210171020170900
20171017;29;1.13;57521.0;2;575210171020170915
20171017;29;1.13;57521.0;2;575210171020170930
20171017;29;1.13;57521.0;2;575210171020170945
20171017;29;1.13;57521.0;2;575210171020171000
20171017;29;1.13;57521.0;2;575210171020171015
20171017;29;1.13;57521.0;2;575210171020171030
20171017;29;1.13;57521.0;2;575210171020171045
20171017;29;1.13;57521.0;2;575210171020171100
20171017;29;1.13;57521.0;2;575210171020171115
20171017;29;1.13;57521.0;2;575210171020171130
20171017;29;1.13;57521.0;2;575210171020171145
20171017;29;1.13;57521.0;2;575210171020171200
20171017;29;1.13;57521.0;2;575210171020171215
20171017;29;1.13;57521.0;2;575210171020171230
20171017;29;1.13;57521.0;2;575210171020171245
20171017;29;1.13;57521.0;2;575210171020171300
20171017;29;1.13;57521.0;2;575210171020171315
20171017;29;1.13;57521.0;2;575210171020171330
20171017;29;1.13;57521.0;2;575210171020171345
20171017;29;1.13;57521.0;2;575210171020171400
20171017;29;1.13;57521.0;2;575210171020171415
20171017;29;1.13;57521.0;2;575210171020171430
20171017;29;1.13;57521.0;2;575210171020171445
20171017;29;1.13;57521.0;2;575210171020171500
20171017;29;1.13;57521.0;2;575210171020171515
20171017;29;1.13;57521.0;2;575210171020171530
20171017;29;1.13;57521.0;2;575210171020171545
20171017;29;1.13;57521.0;2;575210171020171600
20171017;29;1.13;57521.0;2;575210171020171615
20171017;29;1.13;57521.0;2;575210171020171630
20171017;29;1.13;57521.0;2;575210171020171645
20171017;29;1.13;57521.0;2;575210171020171700
20171017;29;1.13;57521.0;2;575210171020171715
20171017;29;1.13;57521.0;2;575210171020171730
20171017;29;1.13;57521.0;2;575210171020171745
20171017;29;1.13;57521.0;2;575210171020171800
20171017;29;1.13;57521.0;2;575210171020171815
20171017;29;1.13;57521.0;2;575210171020171830
20171017;29;1.13;57521.0;2;575210171020171845
20171017;29;1.13;57521.0;2;575210171020171900
20171017;29;1.13;57521.0;2;575210171020171915
20171017;29;1.13;57521.0;2;575210171020171930
20171017;29;1.13;57521.0;2;575210171020171945
20171017;29;1.13;57521.0;2;575210171020172000
20171017;29;1.13;57521.0;2;575210171020172015
20171017;29;1.13;57521.0;2;575210171020172030
20171017;29;1.13;57521.0;2;575210171020172045
20171017;29;1.13;57521.0;2;575210171020172100
20171017;29;1.13;57521.0;2;575210171020172115
20171017;29;1.13;57521.0;2;575210171020172130
20171017;29;1.13;57521.0;2;575210171020172145
20171017;29;1.13;57521.0;2;575210171020172200
20171017;29;1.13;57521.0;2;575210171020172215
20171017;29;1.13;57521.0;2;575210171020172230
20171017;29;1.13;57521.0;2;575210171020172245
20171017;29;1.13;57521.0;2;575210171020172300
20171017;29;1.13;57521.0;2;575210171020172315
20171017;29;1.13;57521.0;2;575210171020172330
20171017;29;1.13;57521.0;2;575210171020172345
20171018;29;1.13;57521.0;2;575210181020170000
20171018;29;1.13;57521.0;2;575210181020170015
20171018;29;1.13;57521.0;2;575210181020170030
20171018;29;1.13;57521.0;2;575210181020170045
20171018;29;1.13;57521.0;2;575210181020170100
20171018;29;1.13;57521.0;2;575210181020170115
20171018;29;1.13;57521.0;2;575210181020170130
20171018;29;1.13;57521.0;2;575210181020170145
20171018;29;1.13;57521.0;2;575210181020170200
20171018;29;1.13;57521.0;2;575210181020170215
20171018;29;1.13;57521.0;2;575210181020170230
20171018;29;1.13;57521.0;2;575210181020170245
20171018;29;1.13;57521.0;2;575210181020170300
20171018;29;1.13;57521.0;2;575210181020170315
20171018;29;1.13;57521.0;2;575210181020170330
20171018;29;1.13;57521.0;2;575210181020170345
20171018;29;1.13;57521.0;2;575210181020170400
20171018;29;1.13;57521.0;2;575210181020170415
20171018;29;1.13;57521.0;2;575210181020170430
20171018;29;1.13;57521.0;2;575210181020170445
20171018;29;1.13;57521.0;2;575210181020170500
20171018;29;1.13;57521.0;2;575210181020170515
20171018;29;1.13;57521.0;2;575210181020170530
20171018;29;1.13;57521.0;2;575210181020170545
20171018;29;1.13;57521.0;2;575210181020170600
20171018;29;1.13;57521.0;2;575210181020170615
20171018;29;1.13;57521.0;2;575210181020170630
20171018;29;1.13;57521.0;2;575210181020170645
20171018;29;1.13;57521.0;2;575210181020170700
20171018;29;1.13;57521.0;2;575210181020170715
20171018;29;1.13;57521.0;2;575210181020170730
20171018;29;1.13;57521.0;2;575210181020170745
20171018;29;1.13;57521.0;2;575210181020170800
20171018;29;1.13;57521.0;2;575210181020170815
20171018;29;1.13;57521.0;2;575210181020170830
20171018;29;1.13;57521.0;2;575210181020170845
20171018;29;1.13;57521.0;2;575210181020170900
20171018;29;1.13;57521.0;2;575210181020170915
20171018;29;1.13;57521.0;2;575210181020170930
20171018;29;1.13;57521.0;2;575210181020170945
20171018;29;1.13;57521.0;2;575210181020171000
20171018;29;1.13;57521.0;2;575210181020171015
20171018;29;1.13;57521.0;2;575210181020171030
20171018;29;1.13;57521.0;2;575210181020171045
20171018;29;1.13;57521.0;2;575210181020171100
